
1.000000000000000e+02 1.160640311354204e+01 

1.000000000000000e+02 1.211462806691165e+01 

1.000000000000000e+02 1.207606981453249e+01 

1.000000000000000e+02 1.122507977091606e+01 

1.000000000000000e+02 1.156316651135260e+01 

1.000000000000000e+02 1.234050361873761e+01 

1.000000000000000e+02 1.259312344915674e+01 

1.000000000000000e+02 1.244260066132062e+01 

1.000000000000000e+02 1.156482704780166e+01 

1.000000000000000e+02 1.128617383433819e+01 

1.000000000000000e+02 1.172350283493558e+01 

1.000000000000000e+02 1.165155025223627e+01 

1.000000000000000e+02 1.095855475382510e+01 

1.000000000000000e+02 1.164220442899436e+01 

1.000000000000000e+02 1.162883152956683e+01 

1.000000000000000e+02 1.150381648662606e+01 

1.000000000000000e+02 1.075403377467485e+01 

1.000000000000000e+02 1.142567831207591e+01 

1.000000000000000e+02 1.143300759258259e+01 

1.000000000000000e+02 1.117241063881140e+01 

1.000000000000000e+02 1.187935553990308e+01 

1.000000000000000e+02 1.242803332085361e+01 

1.000000000000000e+02 1.124442173366026e+01 

1.000000000000000e+02 1.198061740652325e+01 

1.000000000000000e+02 1.167859475223204e+01 

1.000000000000000e+02 1.139349150681343e+01 

1.000000000000000e+02 1.115461209226133e+01 

1.000000000000000e+02 1.167541417355956e+01 

1.000000000000000e+02 1.248993278388387e+01 

1.000000000000000e+02 1.182938189792711e+01 

1.000000000000000e+02 1.174780610879177e+01 

1.000000000000000e+02 1.171929006418497e+01 

1.000000000000000e+02 1.209316900000239e+01 

1.000000000000000e+02 1.170176966236287e+01 

1.000000000000000e+02 1.092471104472479e+01 

1.000000000000000e+02 1.185003692810342e+01 

1.000000000000000e+02 1.170090833177700e+01 

1.000000000000000e+02 1.180393811797421e+01 

1.000000000000000e+02 1.158285205551600e+01 

1.000000000000000e+02 1.198991613064062e+01 

1.000000000000000e+02 1.169557500319024e+01 

1.000000000000000e+02 1.222329717163068e+01 

1.000000000000000e+02 1.140682133979526e+01 

1.000000000000000e+02 1.200557194291171e+01 

1.000000000000000e+02 1.236402211895053e+01 

1.000000000000000e+02 1.151664610779477e+01 

1.000000000000000e+02 1.171816514478579e+01 

1.000000000000000e+02 1.185024579500145e+01 

1.000000000000000e+02 1.162123295935608e+01 

1.000000000000000e+02 1.208721299765361e+01 

1.000000000000000e+02 1.159477022097382e+01 

1.000000000000000e+02 1.190274288250568e+01 

1.000000000000000e+02 1.178942716985460e+01 

1.000000000000000e+02 1.144392867127038e+01 

1.000000000000000e+02 1.152531084148601e+01 

1.000000000000000e+02 1.154341483128267e+01 

1.000000000000000e+02 1.148993050640391e+01 

1.000000000000000e+02 1.201694350352762e+01 

1.000000000000000e+02 1.159279782512909e+01 

1.000000000000000e+02 1.190968486132721e+01 

1.000000000000000e+02 1.215669761870750e+01 

1.000000000000000e+02 1.177410440421580e+01 

1.000000000000000e+02 1.173459030956758e+01 

1.000000000000000e+02 1.196353941363233e+01 

1.000000000000000e+02 1.262614285641736e+01 

1.000000000000000e+02 1.197349958869329e+01 

1.000000000000000e+02 1.194448579817383e+01 

1.000000000000000e+02 1.230991070864063e+01 

1.000000000000000e+02 1.171763135315680e+01 

1.000000000000000e+02 1.187430430527245e+01 

1.000000000000000e+02 1.162217156910461e+01 

1.000000000000000e+02 1.161481193450848e+01 

1.000000000000000e+02 1.150338152451217e+01 

1.000000000000000e+02 1.132208236443956e+01 

1.000000000000000e+02 1.189662962174789e+01 

1.000000000000000e+02 1.180940923260242e+01 

1.000000000000000e+02 1.161921295975163e+01 

1.000000000000000e+02 1.190914616481716e+01 

1.000000000000000e+02 1.175638813731256e+01 

1.000000000000000e+02 1.153070493266455e+01 

1.000000000000000e+02 1.132109646769154e+01 

1.000000000000000e+02 1.102559687728363e+01 

1.000000000000000e+02 1.098449269946157e+01 

1.000000000000000e+02 1.203211231790317e+01 

1.000000000000000e+02 1.196509272397508e+01 

1.000000000000000e+02 1.141620817990347e+01 

1.000000000000000e+02 1.159037056768460e+01 

1.000000000000000e+02 1.169971641231041e+01 

1.000000000000000e+02 1.242854445494985e+01 

1.000000000000000e+02 1.126839727474493e+01 

1.000000000000000e+02 1.148734253806767e+01 

1.000000000000000e+02 1.122377491500539e+01 

1.000000000000000e+02 1.189332607869524e+01 

1.000000000000000e+02 1.210071022673070e+01 

1.000000000000000e+02 1.196314223858561e+01 

1.000000000000000e+02 1.163040769573873e+01 

1.000000000000000e+02 1.161493958562846e+01 

1.000000000000000e+02 1.116874623196214e+01 

1.000000000000000e+02 1.185071490410290e+01 

1.000000000000000e+02 1.183797611671586e+01 

1.000000000000000e+02 1.146944801523279e+01 

1.000000000000000e+02 1.208700358829301e+01 

1.000000000000000e+02 1.187658155169269e+01 

1.000000000000000e+02 1.098359905057074e+01 

1.000000000000000e+02 1.168610466553276e+01 

1.000000000000000e+02 1.212864829333567e+01 

1.000000000000000e+02 1.152279901037107e+01 

1.000000000000000e+02 1.139495274980708e+01 

1.000000000000000e+02 1.157198962255213e+01 

1.000000000000000e+02 1.152358314705284e+01 

1.000000000000000e+02 1.189470169648762e+01 

1.000000000000000e+02 1.155166817932214e+01 

1.000000000000000e+02 1.147959484362650e+01 

1.000000000000000e+02 1.213460150450752e+01 

1.000000000000000e+02 1.168130951639515e+01 

1.000000000000000e+02 1.306704424492944e+01 

1.000000000000000e+02 1.130656895183416e+01 

1.000000000000000e+02 1.139214964365824e+01 

1.000000000000000e+02 1.162766370792497e+01 

1.000000000000000e+02 1.163807051422932e+01 

1.000000000000000e+02 1.171061937175375e+01 

1.000000000000000e+02 1.165343168862841e+01 

1.000000000000000e+02 1.172541098421134e+01 

1.000000000000000e+02 1.161065364277939e+01 

1.000000000000000e+02 1.250460368485172e+01 

1.000000000000000e+02 1.155363463321093e+01 

1.000000000000000e+02 1.117551114549373e+01 

1.000000000000000e+02 1.234331084616318e+01 

1.000000000000000e+02 1.186742659856312e+01 

1.000000000000000e+02 1.234070584368350e+01 

1.000000000000000e+02 1.142250316052481e+01 

1.000000000000000e+02 1.164809821588656e+01 

1.000000000000000e+02 1.174006050973605e+01 

1.000000000000000e+02 1.114082244099765e+01 

1.000000000000000e+02 1.218302710864836e+01 

1.000000000000000e+02 1.144721008492821e+01 

1.000000000000000e+02 1.157898561963933e+01 

1.000000000000000e+02 1.207590427828508e+01 

1.000000000000000e+02 1.207943690763310e+01 

1.000000000000000e+02 1.148913768121150e+01 

1.000000000000000e+02 1.139083086170992e+01 

1.000000000000000e+02 1.140905723117606e+01 

1.000000000000000e+02 1.148518528773474e+01 

1.000000000000000e+02 1.193622723612126e+01 

1.000000000000000e+02 1.215908417241902e+01 

1.000000000000000e+02 1.240590647175589e+01 

1.000000000000000e+02 1.192462329411359e+01 

1.000000000000000e+02 1.181448140518709e+01 

1.000000000000000e+02 1.199267713092097e+01 

1.000000000000000e+02 1.235802804675915e+01 

1.000000000000000e+02 1.159671614617218e+01 

1.000000000000000e+02 1.184573076779802e+01 

1.000000000000000e+02 1.148298137902224e+01 

1.000000000000000e+02 1.178049963038481e+01 

1.000000000000000e+02 1.198772168108790e+01 

1.000000000000000e+02 1.214795365775397e+01 

1.000000000000000e+02 1.181752247278335e+01 

1.000000000000000e+02 1.231343729848440e+01 

1.000000000000000e+02 1.240058486248396e+01 

1.000000000000000e+02 1.114793820471103e+01 

1.000000000000000e+02 1.201401445172570e+01 

1.000000000000000e+02 1.129370715234653e+01 

1.000000000000000e+02 1.151807998748474e+01 

1.000000000000000e+02 1.189102794118763e+01 

1.000000000000000e+02 1.203426499227507e+01 

1.000000000000000e+02 1.193211240454323e+01 

1.000000000000000e+02 1.169866021850556e+01 

1.000000000000000e+02 1.187147278921615e+01 

1.000000000000000e+02 1.180037544891340e+01 

1.000000000000000e+02 1.147804469541089e+01 

1.000000000000000e+02 1.132314256421779e+01 

1.000000000000000e+02 1.161676542189078e+01 

1.000000000000000e+02 1.159244193011270e+01 

1.000000000000000e+02 1.277270615413253e+01 

1.000000000000000e+02 1.133816419898218e+01 

1.000000000000000e+02 1.183783276721330e+01 

1.000000000000000e+02 1.122490260650685e+01 

1.000000000000000e+02 1.116708550235620e+01 

1.000000000000000e+02 1.176395342218695e+01 

1.000000000000000e+02 1.260089873720832e+01 

1.000000000000000e+02 1.212999893350817e+01 

1.000000000000000e+02 1.138501536439184e+01 

1.000000000000000e+02 1.209940232004610e+01 

1.000000000000000e+02 1.217276001667802e+01 

1.000000000000000e+02 1.171563077307362e+01 

1.000000000000000e+02 1.122220935025489e+01 

1.000000000000000e+02 1.133474645906427e+01 

1.000000000000000e+02 1.184732773405137e+01 

1.000000000000000e+02 1.190152062112392e+01 

1.000000000000000e+02 1.157565866817202e+01 

1.000000000000000e+02 1.126358607946443e+01 

1.000000000000000e+02 1.134448708561590e+01 

1.000000000000000e+02 1.230269091401229e+01 

1.000000000000000e+02 1.110556843367805e+01 

1.000000000000000e+02 1.241370497227505e+01 

1.000000000000000e+02 1.149798882460063e+01 

1.000000000000000e+02 1.163585530376242e+01 

1.000000000000000e+02 1.170732036090972e+01 

1.000000000000000e+02 1.168949740754764e+01 

1.000000000000000e+02 1.207881250433968e+01 

1.000000000000000e+02 1.128723560794223e+01 

1.000000000000000e+02 1.172072788598189e+01 

1.000000000000000e+02 1.241426101749123e+01 

1.000000000000000e+02 1.113118973445600e+01 

1.000000000000000e+02 1.199180050015489e+01 

1.000000000000000e+02 1.131199269747211e+01 

1.000000000000000e+02 1.133399485358436e+01 

1.000000000000000e+02 1.159915380140937e+01 

1.000000000000000e+02 1.154111270891878e+01 

1.000000000000000e+02 1.135147107420178e+01 

1.000000000000000e+02 1.264117377539589e+01 

1.000000000000000e+02 1.205575612539942e+01 

1.000000000000000e+02 1.174972579017304e+01 

1.000000000000000e+02 1.141607452088714e+01 

1.000000000000000e+02 1.174059059787463e+01 

1.000000000000000e+02 1.180962500540565e+01 

1.000000000000000e+02 1.240532675966696e+01 

1.000000000000000e+02 1.155313753931914e+01 

1.000000000000000e+02 1.166256331649123e+01 

1.000000000000000e+02 1.153865570326525e+01 

1.000000000000000e+02 1.191165082903970e+01 

1.000000000000000e+02 1.164623030938659e+01 

1.000000000000000e+02 1.198330655670369e+01 

1.000000000000000e+02 1.117804362376624e+01 

1.000000000000000e+02 1.205987954944502e+01 

1.000000000000000e+02 1.158632604125419e+01 

1.000000000000000e+02 1.135103320036723e+01 

1.000000000000000e+02 1.185969223465873e+01 

1.000000000000000e+02 1.163166683155701e+01 

1.000000000000000e+02 1.220623264586294e+01 

1.000000000000000e+02 1.177484437464229e+01 

1.000000000000000e+02 1.177217616210023e+01 

1.000000000000000e+02 1.114511925782454e+01 

1.000000000000000e+02 1.196664350720668e+01 

1.000000000000000e+02 1.148841524073822e+01 

1.000000000000000e+02 1.123867234400830e+01 

1.000000000000000e+02 1.166393464713100e+01 

1.000000000000000e+02 1.201779105341078e+01 

1.000000000000000e+02 1.182730139471870e+01 

1.000000000000000e+02 1.214233829033848e+01 

1.000000000000000e+02 1.253417511763541e+01 

1.000000000000000e+02 1.200988259605113e+01 

1.000000000000000e+02 1.126463448355803e+01 

1.000000000000000e+02 1.241816284095546e+01 

1.000000000000000e+02 1.164134424380767e+01 

1.000000000000000e+02 1.220646355618135e+01 

1.000000000000000e+02 1.230361292814521e+01 

1.000000000000000e+02 1.146861883225163e+01 

1.000000000000000e+02 1.113657463965919e+01 

1.000000000000000e+02 1.151456962488043e+01 

1.000000000000000e+02 1.144534866626679e+01 

1.000000000000000e+02 1.159371265592694e+01 

1.000000000000000e+02 1.179248673696754e+01 

1.000000000000000e+02 1.204751239220314e+01 

1.000000000000000e+02 1.187532606826913e+01 

1.000000000000000e+02 1.196166027980441e+01 

1.000000000000000e+02 1.141862319703720e+01 

1.000000000000000e+02 1.235136735956994e+01 

1.000000000000000e+02 1.186633298209122e+01 

1.000000000000000e+02 1.083340777920897e+01 
