
1.000000000000000e+02 1.119786434626404e+01 

1.000000000000000e+02 1.193785149535550e+01 

1.000000000000000e+02 1.263588305327192e+01 

1.000000000000000e+02 1.204559019499727e+01 

1.000000000000000e+02 1.177169291029657e+01 

1.000000000000000e+02 1.192190946572759e+01 

1.000000000000000e+02 1.270288045579786e+01 

1.000000000000000e+02 1.194143791295387e+01 

1.000000000000000e+02 1.238575369914057e+01 

1.000000000000000e+02 1.190538129296118e+01 

1.000000000000000e+02 1.133531000424902e+01 

1.000000000000000e+02 1.259748649555557e+01 

1.000000000000000e+02 1.119525264619354e+01 

1.000000000000000e+02 1.198746254046708e+01 

1.000000000000000e+02 1.233132066954165e+01 

1.000000000000000e+02 1.162713353463082e+01 

1.000000000000000e+02 1.236259674523628e+01 

1.000000000000000e+02 1.127350209045705e+01 

1.000000000000000e+02 1.166374496565718e+01 

1.000000000000000e+02 1.221284553365987e+01 

1.000000000000000e+02 1.102682695749032e+01 

1.000000000000000e+02 1.312064615877343e+01 

1.000000000000000e+02 1.144526779279228e+01 

1.000000000000000e+02 1.235332595494613e+01 

1.000000000000000e+02 1.168889125676055e+01 

1.000000000000000e+02 1.204326295135100e+01 

1.000000000000000e+02 1.190386498547776e+01 

1.000000000000000e+02 1.058201247029399e+01 

1.000000000000000e+02 1.300216972137864e+01 

1.000000000000000e+02 1.167260690660902e+01 

1.000000000000000e+02 1.170699216990799e+01 

1.000000000000000e+02 1.160878297934775e+01 

1.000000000000000e+02 1.182253701054164e+01 

1.000000000000000e+02 1.197584773055965e+01 

1.000000000000000e+02 1.172106007222224e+01 

1.000000000000000e+02 1.299521069139205e+01 

1.000000000000000e+02 1.143672054444208e+01 

1.000000000000000e+02 1.184049107538709e+01 

1.000000000000000e+02 1.250139045673031e+01 

1.000000000000000e+02 1.166645193951430e+01 

1.000000000000000e+02 1.174163442782719e+01 

1.000000000000000e+02 1.172171172314313e+01 

1.000000000000000e+02 1.172506182779056e+01 

1.000000000000000e+02 1.193012135717778e+01 

1.000000000000000e+02 1.082505873528147e+01 

1.000000000000000e+02 1.228129137589776e+01 

1.000000000000000e+02 1.158780659081529e+01 

1.000000000000000e+02 1.152711030636153e+01 

1.000000000000000e+02 1.189618184727899e+01 

1.000000000000000e+02 1.174922207909361e+01 

1.000000000000000e+02 1.142567704177605e+01 

1.000000000000000e+02 1.138474106807048e+01 

1.000000000000000e+02 1.193674629087672e+01 

1.000000000000000e+02 1.225982361303375e+01 

1.000000000000000e+02 1.134653949447851e+01 

1.000000000000000e+02 1.194354270903485e+01 

1.000000000000000e+02 1.220653846026240e+01 

1.000000000000000e+02 1.208760992221000e+01 

1.000000000000000e+02 1.158299350274157e+01 

1.000000000000000e+02 1.142511207413395e+01 

1.000000000000000e+02 1.124010973440144e+01 

1.000000000000000e+02 1.203010834323006e+01 

1.000000000000000e+02 1.166078307292760e+01 

1.000000000000000e+02 1.212873233291445e+01 

1.000000000000000e+02 1.136930418550158e+01 

1.000000000000000e+02 1.168569277331876e+01 

1.000000000000000e+02 1.126778804498502e+01 

1.000000000000000e+02 1.174058389259539e+01 

1.000000000000000e+02 1.210702921209317e+01 

1.000000000000000e+02 1.113785782651151e+01 

1.000000000000000e+02 1.137223449429514e+01 

1.000000000000000e+02 1.176263648877368e+01 

1.000000000000000e+02 1.209966622005498e+01 

1.000000000000000e+02 1.123971738504315e+01 

1.000000000000000e+02 1.209338278018983e+01 

1.000000000000000e+02 1.195383915283132e+01 

1.000000000000000e+02 1.126258772444155e+01 

1.000000000000000e+02 1.217895424063060e+01 

1.000000000000000e+02 1.117185065455257e+01 

1.000000000000000e+02 1.113360180299616e+01 

1.000000000000000e+02 1.139008205879049e+01 

1.000000000000000e+02 1.083261778171543e+01 

1.000000000000000e+02 1.215891938408244e+01 

1.000000000000000e+02 1.164953261394110e+01 

1.000000000000000e+02 1.164582390156902e+01 

1.000000000000000e+02 1.221435922750836e+01 

1.000000000000000e+02 1.190914194388998e+01 

1.000000000000000e+02 1.182681103527352e+01 

1.000000000000000e+02 1.070802678694375e+01 

1.000000000000000e+02 1.160442381422750e+01 

1.000000000000000e+02 1.157426155990420e+01 

1.000000000000000e+02 1.195200594935142e+01 

1.000000000000000e+02 1.168254958209484e+01 

1.000000000000000e+02 1.225624809868489e+01 

1.000000000000000e+02 1.244371918319927e+01 

1.000000000000000e+02 1.149627930646356e+01 

1.000000000000000e+02 1.242731542270846e+01 

1.000000000000000e+02 1.251358896621120e+01 

1.000000000000000e+02 1.149494493149618e+01 

1.000000000000000e+02 1.198097061587799e+01 

1.000000000000000e+02 1.196817547847488e+01 

1.000000000000000e+02 1.221823111576628e+01 

1.000000000000000e+02 1.181431090329465e+01 

1.000000000000000e+02 1.145567729379653e+01 

1.000000000000000e+02 1.167871543917831e+01 

1.000000000000000e+02 1.212055423110622e+01 

1.000000000000000e+02 1.182829023714012e+01 

1.000000000000000e+02 1.216572867827382e+01 

1.000000000000000e+02 1.153798019403215e+01 

1.000000000000000e+02 1.187946874958655e+01 

1.000000000000000e+02 1.172386468952127e+01 

1.000000000000000e+02 1.163584129152625e+01 

1.000000000000000e+02 1.194808102669374e+01 

1.000000000000000e+02 1.111719030177675e+01 

1.000000000000000e+02 1.155913430049562e+01 

1.000000000000000e+02 1.188890706273510e+01 

1.000000000000000e+02 1.178075044350215e+01 

1.000000000000000e+02 1.193680556136707e+01 

1.000000000000000e+02 1.181108653894842e+01 

1.000000000000000e+02 1.224959398609880e+01 

1.000000000000000e+02 1.223574955958917e+01 

1.000000000000000e+02 1.232039955258323e+01 

1.000000000000000e+02 1.210836359338070e+01 

1.000000000000000e+02 1.151174949426405e+01 

1.000000000000000e+02 1.231256207923091e+01 

1.000000000000000e+02 1.235319820352427e+01 

1.000000000000000e+02 1.144929983506937e+01 

1.000000000000000e+02 1.203203526390496e+01 

1.000000000000000e+02 1.125897943293666e+01 

1.000000000000000e+02 1.186280136586009e+01 

1.000000000000000e+02 1.141871768560510e+01 

1.000000000000000e+02 1.194008307885689e+01 

1.000000000000000e+02 1.176964675429890e+01 

1.000000000000000e+02 1.176111400316268e+01 

1.000000000000000e+02 1.138135801416715e+01 

1.000000000000000e+02 1.170394576686876e+01 

1.000000000000000e+02 1.188430853390511e+01 

1.000000000000000e+02 1.194533986788618e+01 

1.000000000000000e+02 1.149147791744444e+01 

1.000000000000000e+02 1.186583206102941e+01 

1.000000000000000e+02 1.144936120649477e+01 

1.000000000000000e+02 1.179931472146592e+01 

1.000000000000000e+02 1.188534363983333e+01 

1.000000000000000e+02 1.176887019781049e+01 

1.000000000000000e+02 1.115031886347500e+01 

1.000000000000000e+02 1.265726164335040e+01 

1.000000000000000e+02 1.306461512243518e+01 

1.000000000000000e+02 1.256373713900204e+01 

1.000000000000000e+02 1.203461746903143e+01 

1.000000000000000e+02 1.243473989143787e+01 

1.000000000000000e+02 1.256845376916287e+01 

1.000000000000000e+02 1.209693838228517e+01 

1.000000000000000e+02 1.149708529198732e+01 

1.000000000000000e+02 1.200449083214057e+01 

1.000000000000000e+02 1.146743003255990e+01 

1.000000000000000e+02 1.125140253645368e+01 

1.000000000000000e+02 1.167945306781134e+01 

1.000000000000000e+02 1.290253170547143e+01 

1.000000000000000e+02 1.192676707871172e+01 

1.000000000000000e+02 1.202679102215738e+01 

1.000000000000000e+02 1.162089483192702e+01 

1.000000000000000e+02 1.196999529902126e+01 

1.000000000000000e+02 1.136463156238481e+01 

1.000000000000000e+02 1.218277662626827e+01 

1.000000000000000e+02 1.193789590490625e+01 

1.000000000000000e+02 1.149350606864357e+01 

1.000000000000000e+02 1.140121986197034e+01 

1.000000000000000e+02 1.254809757338030e+01 

1.000000000000000e+02 1.154651885572543e+01 

1.000000000000000e+02 1.210034033744699e+01 

1.000000000000000e+02 1.163412418560899e+01 

1.000000000000000e+02 1.199232676765267e+01 

1.000000000000000e+02 1.155367329124832e+01 

1.000000000000000e+02 1.158341269041482e+01 

1.000000000000000e+02 1.159379667972802e+01 

1.000000000000000e+02 1.212644207311378e+01 

1.000000000000000e+02 1.146486584935022e+01 

1.000000000000000e+02 1.156891881067676e+01 

1.000000000000000e+02 1.101052269584514e+01 

1.000000000000000e+02 1.217910776985007e+01 

1.000000000000000e+02 1.192513982906173e+01 

1.000000000000000e+02 1.221581291732331e+01 

1.000000000000000e+02 1.134858261136346e+01 

1.000000000000000e+02 1.179834205514734e+01 

1.000000000000000e+02 1.185602517222310e+01 

1.000000000000000e+02 1.157690426617695e+01 

1.000000000000000e+02 1.169241821280847e+01 

1.000000000000000e+02 1.149503825095040e+01 

1.000000000000000e+02 1.135925676532858e+01 

1.000000000000000e+02 1.159752933391111e+01 

1.000000000000000e+02 1.180838265487938e+01 

1.000000000000000e+02 1.174571782789049e+01 

1.000000000000000e+02 1.103814067545575e+01 

1.000000000000000e+02 1.180803485348286e+01 

1.000000000000000e+02 1.342700886725968e+01 

1.000000000000000e+02 1.173368750015853e+01 

1.000000000000000e+02 1.176091868427756e+01 

1.000000000000000e+02 1.193394571194657e+01 

1.000000000000000e+02 1.217143630867859e+01 

1.000000000000000e+02 1.206143650422048e+01 

1.000000000000000e+02 1.167946567349786e+01 

1.000000000000000e+02 1.224807696078302e+01 

1.000000000000000e+02 1.122252215286641e+01 

1.000000000000000e+02 1.143966833352925e+01 

1.000000000000000e+02 1.236939107158376e+01 

1.000000000000000e+02 1.244288775954272e+01 

1.000000000000000e+02 1.101937874952923e+01 

1.000000000000000e+02 1.177904951320262e+01 

1.000000000000000e+02 1.199592390829221e+01 

1.000000000000000e+02 1.101859896927592e+01 

1.000000000000000e+02 1.153198426943310e+01 

1.000000000000000e+02 1.157969664472811e+01 

1.000000000000000e+02 1.229700494562726e+01 

1.000000000000000e+02 1.144124299746232e+01 

1.000000000000000e+02 1.147328890771278e+01 

1.000000000000000e+02 1.220599683255519e+01 

1.000000000000000e+02 1.224116801027433e+01 

1.000000000000000e+02 1.172245530596568e+01 

1.000000000000000e+02 1.207597191547893e+01 

1.000000000000000e+02 1.154844412004311e+01 

1.000000000000000e+02 1.213772223481451e+01 

1.000000000000000e+02 1.134444120548383e+01 

1.000000000000000e+02 1.114026477932907e+01 

1.000000000000000e+02 1.209007264754442e+01 

1.000000000000000e+02 1.144678291370864e+01 

1.000000000000000e+02 1.208283498829288e+01 

1.000000000000000e+02 1.206616866084447e+01 

1.000000000000000e+02 1.196983504344114e+01 

1.000000000000000e+02 1.163100176838967e+01 

1.000000000000000e+02 1.157458047901145e+01 

1.000000000000000e+02 1.209305301431895e+01 

1.000000000000000e+02 1.152775917582669e+01 

1.000000000000000e+02 1.225379471605192e+01 

1.000000000000000e+02 1.161774213247385e+01 

1.000000000000000e+02 1.133361738321956e+01 

1.000000000000000e+02 1.177993272547173e+01 

1.000000000000000e+02 1.169803450245617e+01 

1.000000000000000e+02 1.158491166770536e+01 

1.000000000000000e+02 1.286257553669255e+01 

1.000000000000000e+02 1.238598077233490e+01 

1.000000000000000e+02 1.149664436847289e+01 

1.000000000000000e+02 1.294507653311704e+01 

1.000000000000000e+02 1.202941607917990e+01 

1.000000000000000e+02 1.159872632164023e+01 

1.000000000000000e+02 1.154852791885394e+01 

1.000000000000000e+02 1.201576680766957e+01 

1.000000000000000e+02 1.244983277867993e+01 

1.000000000000000e+02 1.209190956878327e+01 

1.000000000000000e+02 1.125104707427859e+01 

1.000000000000000e+02 1.158918580996785e+01 

1.000000000000000e+02 1.203490524784014e+01 

1.000000000000000e+02 1.182258065488181e+01 

1.000000000000000e+02 1.219461428246335e+01 

1.000000000000000e+02 1.184204637898972e+01 

1.000000000000000e+02 1.202226183576598e+01 

1.000000000000000e+02 1.181790524491153e+01 

1.000000000000000e+02 1.179961942407720e+01 

1.000000000000000e+02 1.176601681777989e+01 

1.000000000000000e+02 1.194764148499272e+01 

1.000000000000000e+02 1.164881688246525e+01 
