
1.000000000000000e+02 1.186804835419823e+01 

1.000000000000000e+02 1.193768660383244e+01 

1.000000000000000e+02 1.144586626291388e+01 

1.000000000000000e+02 1.189028036487867e+01 

1.000000000000000e+02 1.162168655542776e+01 

1.000000000000000e+02 1.190528033455849e+01 

1.000000000000000e+02 1.241187055400144e+01 

1.000000000000000e+02 1.181217602092900e+01 

1.000000000000000e+02 1.196778668139292e+01 

1.000000000000000e+02 1.134589435768851e+01 

1.000000000000000e+02 1.155060363093711e+01 

1.000000000000000e+02 1.172937856763673e+01 

1.000000000000000e+02 1.204511663425618e+01 

1.000000000000000e+02 1.094747499651367e+01 

1.000000000000000e+02 1.124822407136470e+01 

1.000000000000000e+02 1.217378166556438e+01 

1.000000000000000e+02 1.149850034017285e+01 

1.000000000000000e+02 1.126767111924161e+01 

1.000000000000000e+02 1.179225731276362e+01 

1.000000000000000e+02 1.184880870625663e+01 

1.000000000000000e+02 1.186491976372130e+01 

1.000000000000000e+02 1.197810267621474e+01 

1.000000000000000e+02 1.199017808681370e+01 

1.000000000000000e+02 1.127912632417577e+01 

1.000000000000000e+02 1.126135834058209e+01 

1.000000000000000e+02 1.162654290359715e+01 

1.000000000000000e+02 1.104005267641357e+01 

1.000000000000000e+02 1.113727746000847e+01 

1.000000000000000e+02 1.162614685297125e+01 

1.000000000000000e+02 1.160808243142686e+01 

1.000000000000000e+02 1.228376795574592e+01 

1.000000000000000e+02 1.142290396879419e+01 

1.000000000000000e+02 1.179969984797424e+01 

1.000000000000000e+02 1.144792608291789e+01 

1.000000000000000e+02 1.188007121100178e+01 

1.000000000000000e+02 1.200627585800221e+01 

1.000000000000000e+02 1.167706133988918e+01 

1.000000000000000e+02 1.211317328837841e+01 

1.000000000000000e+02 1.207784374925837e+01 

1.000000000000000e+02 1.138087499014306e+01 

1.000000000000000e+02 1.175876916760387e+01 

1.000000000000000e+02 1.189473187336502e+01 

1.000000000000000e+02 1.173849408512975e+01 

1.000000000000000e+02 1.186120151754037e+01 

1.000000000000000e+02 1.178484014555914e+01 

1.000000000000000e+02 1.130988750597948e+01 

1.000000000000000e+02 1.142103014413032e+01 

1.000000000000000e+02 1.181777200949646e+01 

1.000000000000000e+02 1.202499512302467e+01 

1.000000000000000e+02 1.167573025289307e+01 

1.000000000000000e+02 1.306324834551839e+01 

1.000000000000000e+02 1.143034596673960e+01 

1.000000000000000e+02 1.139026794978956e+01 

1.000000000000000e+02 1.041734856978453e+01 

1.000000000000000e+02 1.171044198788804e+01 

1.000000000000000e+02 1.223604116207262e+01 

1.000000000000000e+02 1.172626322584274e+01 

1.000000000000000e+02 1.131063142518431e+01 

1.000000000000000e+02 1.196991871050291e+01 

1.000000000000000e+02 1.146540681952985e+01 

1.000000000000000e+02 1.166922994896305e+01 

1.000000000000000e+02 1.204671088065682e+01 

1.000000000000000e+02 1.169235455217203e+01 

1.000000000000000e+02 1.199992181953406e+01 

1.000000000000000e+02 1.138598042774636e+01 

1.000000000000000e+02 1.165602886977446e+01 

1.000000000000000e+02 1.173800094252272e+01 

1.000000000000000e+02 1.123251846448128e+01 

1.000000000000000e+02 1.144409050608660e+01 

1.000000000000000e+02 1.223266978033693e+01 

1.000000000000000e+02 1.155588899350913e+01 

1.000000000000000e+02 1.105290281847230e+01 

1.000000000000000e+02 1.138855214361106e+01 

1.000000000000000e+02 1.159771376479198e+01 

1.000000000000000e+02 1.220844477838418e+01 

1.000000000000000e+02 1.163812763072644e+01 

1.000000000000000e+02 1.145935905788121e+01 

1.000000000000000e+02 1.220222038102206e+01 

1.000000000000000e+02 1.163883696862549e+01 

1.000000000000000e+02 1.156288659377537e+01 

1.000000000000000e+02 1.178811736667203e+01 

1.000000000000000e+02 1.192118038658373e+01 

1.000000000000000e+02 1.109873465634233e+01 

1.000000000000000e+02 1.151485545175338e+01 

1.000000000000000e+02 1.184499793096238e+01 

1.000000000000000e+02 1.167581386264566e+01 

1.000000000000000e+02 1.123362401364557e+01 

1.000000000000000e+02 1.123710761267382e+01 

1.000000000000000e+02 1.156258262143095e+01 

1.000000000000000e+02 1.243141462845830e+01 

1.000000000000000e+02 1.159994360059495e+01 

1.000000000000000e+02 1.113743749907028e+01 

1.000000000000000e+02 1.162325407142369e+01 

1.000000000000000e+02 1.121659398657442e+01 

1.000000000000000e+02 1.145968956407648e+01 

1.000000000000000e+02 1.168034052286236e+01 

1.000000000000000e+02 1.181381627311291e+01 

1.000000000000000e+02 1.150645670244431e+01 

1.000000000000000e+02 1.159578916877019e+01 

1.000000000000000e+02 1.209616887052825e+01 

1.000000000000000e+02 1.212211239321749e+01 

1.000000000000000e+02 1.146262705454701e+01 

1.000000000000000e+02 1.227828226175302e+01 

1.000000000000000e+02 1.168735180383681e+01 

1.000000000000000e+02 1.166481758682122e+01 

1.000000000000000e+02 1.192449164045430e+01 

1.000000000000000e+02 1.226695436458786e+01 

1.000000000000000e+02 1.228921220843254e+01 

1.000000000000000e+02 1.163914689778288e+01 

1.000000000000000e+02 1.217493200827865e+01 

1.000000000000000e+02 1.177196317858474e+01 

1.000000000000000e+02 1.134829391418605e+01 

1.000000000000000e+02 1.206706348554371e+01 

1.000000000000000e+02 1.217105515126169e+01 

1.000000000000000e+02 1.216491505503491e+01 

1.000000000000000e+02 1.212682429852357e+01 

1.000000000000000e+02 1.184877341101170e+01 

1.000000000000000e+02 1.211918643369787e+01 

1.000000000000000e+02 1.230358196165839e+01 

1.000000000000000e+02 1.184246964593318e+01 

1.000000000000000e+02 1.183189287025184e+01 

1.000000000000000e+02 1.196670587974839e+01 

1.000000000000000e+02 1.202705092673196e+01 

1.000000000000000e+02 1.148338690996322e+01 

1.000000000000000e+02 1.132821027965626e+01 

1.000000000000000e+02 1.138420585674414e+01 

1.000000000000000e+02 1.134189684907818e+01 

1.000000000000000e+02 1.158301923112182e+01 

1.000000000000000e+02 1.111968515167522e+01 

1.000000000000000e+02 1.260773740483761e+01 

1.000000000000000e+02 1.200155000152340e+01 

1.000000000000000e+02 1.179820834416714e+01 

1.000000000000000e+02 1.086194396841283e+01 

1.000000000000000e+02 1.256090095807482e+01 

1.000000000000000e+02 1.156129570321397e+01 

1.000000000000000e+02 1.109630495021925e+01 

1.000000000000000e+02 1.208885857306666e+01 

1.000000000000000e+02 1.238413799095258e+01 

1.000000000000000e+02 1.208538674284159e+01 

1.000000000000000e+02 1.254229818222453e+01 

1.000000000000000e+02 1.267149265374048e+01 

1.000000000000000e+02 1.190094559777948e+01 

1.000000000000000e+02 1.257985397755500e+01 

1.000000000000000e+02 1.206437271291429e+01 

1.000000000000000e+02 1.279483334223242e+01 

1.000000000000000e+02 1.223345817614224e+01 

1.000000000000000e+02 1.186924185182803e+01 

1.000000000000000e+02 1.220323363904488e+01 

1.000000000000000e+02 1.225170420144129e+01 

1.000000000000000e+02 1.207467774208672e+01 

1.000000000000000e+02 1.231100156322201e+01 

1.000000000000000e+02 1.250776170140956e+01 

1.000000000000000e+02 1.113706714766397e+01 

1.000000000000000e+02 1.147352107857213e+01 

1.000000000000000e+02 1.184964348084756e+01 

1.000000000000000e+02 1.195575272129615e+01 

1.000000000000000e+02 1.156522550010770e+01 

1.000000000000000e+02 1.199118872983517e+01 

1.000000000000000e+02 1.206925315766922e+01 

1.000000000000000e+02 1.119604954902355e+01 

1.000000000000000e+02 1.353733168498454e+01 

1.000000000000000e+02 1.193206098506332e+01 

1.000000000000000e+02 1.254133772535920e+01 

1.000000000000000e+02 1.224556802733048e+01 

1.000000000000000e+02 1.163635429209702e+01 

1.000000000000000e+02 1.120053448348329e+01 

1.000000000000000e+02 1.165627064672200e+01 

1.000000000000000e+02 1.144373523297418e+01 

1.000000000000000e+02 1.222796430757949e+01 

1.000000000000000e+02 1.121190624766523e+01 

1.000000000000000e+02 1.232572501420856e+01 

1.000000000000000e+02 1.181137386528310e+01 

1.000000000000000e+02 1.096879873538581e+01 

1.000000000000000e+02 1.172376608171416e+01 

1.000000000000000e+02 1.265493804538673e+01 

1.000000000000000e+02 1.226074998943532e+01 

1.000000000000000e+02 1.143873026582105e+01 

1.000000000000000e+02 1.158119500517996e+01 

1.000000000000000e+02 1.131527835560987e+01 

1.000000000000000e+02 1.173819895361687e+01 

1.000000000000000e+02 1.278580249547941e+01 

1.000000000000000e+02 1.238796616582476e+01 

1.000000000000000e+02 1.162118718973109e+01 

1.000000000000000e+02 1.174829844037635e+01 

1.000000000000000e+02 1.278463254509272e+01 

1.000000000000000e+02 1.285053675957692e+01 

1.000000000000000e+02 1.183098787127226e+01 

1.000000000000000e+02 1.310464889687805e+01 

1.000000000000000e+02 1.144685905892039e+01 

1.000000000000000e+02 1.192809269776070e+01 

1.000000000000000e+02 1.185541554302717e+01 

1.000000000000000e+02 1.222152253545569e+01 

1.000000000000000e+02 1.179846038106306e+01 

1.000000000000000e+02 1.184667778633100e+01 

1.000000000000000e+02 1.215489999850581e+01 

1.000000000000000e+02 1.187452816879552e+01 

1.000000000000000e+02 1.174220148484888e+01 

1.000000000000000e+02 1.279798859899118e+01 

1.000000000000000e+02 1.186563862995794e+01 

1.000000000000000e+02 1.187857413569246e+01 

1.000000000000000e+02 1.223597269662834e+01 

1.000000000000000e+02 1.217742757295524e+01 

1.000000000000000e+02 1.207849421046696e+01 

1.000000000000000e+02 1.120524119222506e+01 

1.000000000000000e+02 1.177943662606739e+01 

1.000000000000000e+02 1.191345522519461e+01 

1.000000000000000e+02 1.146584374725698e+01 

1.000000000000000e+02 1.118855167667347e+01 

1.000000000000000e+02 1.173580146654478e+01 

1.000000000000000e+02 1.157803549810878e+01 

1.000000000000000e+02 1.231361292133351e+01 

1.000000000000000e+02 1.167869625359293e+01 

1.000000000000000e+02 1.210866474273642e+01 

1.000000000000000e+02 1.173928936017132e+01 

1.000000000000000e+02 1.183222107967305e+01 

1.000000000000000e+02 1.241087606345612e+01 

1.000000000000000e+02 1.150642788272517e+01 

1.000000000000000e+02 1.141862500835486e+01 

1.000000000000000e+02 1.183516790987073e+01 

1.000000000000000e+02 1.167932269947389e+01 

1.000000000000000e+02 1.208812039608232e+01 

1.000000000000000e+02 1.219637161736276e+01 

1.000000000000000e+02 1.171472458111979e+01 

1.000000000000000e+02 1.140618674331148e+01 

1.000000000000000e+02 1.239875801471293e+01 

1.000000000000000e+02 1.113207499384898e+01 

1.000000000000000e+02 1.314738975400544e+01 

1.000000000000000e+02 1.101324508743273e+01 

1.000000000000000e+02 1.163201774228916e+01 

1.000000000000000e+02 1.191328470316983e+01 

1.000000000000000e+02 1.159143167382179e+01 

1.000000000000000e+02 1.173029145466223e+01 

1.000000000000000e+02 1.127500547390235e+01 

1.000000000000000e+02 1.275405441154126e+01 

1.000000000000000e+02 1.129369758694842e+01 

1.000000000000000e+02 1.160409848599694e+01 

1.000000000000000e+02 1.177283277061642e+01 

1.000000000000000e+02 1.202169998739537e+01 

1.000000000000000e+02 1.198381576025536e+01 

1.000000000000000e+02 1.172903965449858e+01 

1.000000000000000e+02 1.101337332079429e+01 

1.000000000000000e+02 1.160784590769090e+01 

1.000000000000000e+02 1.247912288401549e+01 

1.000000000000000e+02 1.140761619764315e+01 

1.000000000000000e+02 1.265872007001668e+01 

1.000000000000000e+02 1.304977718448903e+01 

1.000000000000000e+02 1.199653784133289e+01 

1.000000000000000e+02 1.252965821232435e+01 

1.000000000000000e+02 1.173871637918375e+01 

1.000000000000000e+02 1.111804774972598e+01 

1.000000000000000e+02 1.145159614964981e+01 

1.000000000000000e+02 1.170974827552383e+01 

1.000000000000000e+02 1.232082720071463e+01 

1.000000000000000e+02 1.160579953859494e+01 

1.000000000000000e+02 1.189164886309885e+01 

1.000000000000000e+02 1.278506621927924e+01 

1.000000000000000e+02 1.209227083965802e+01 

1.000000000000000e+02 1.178084160361856e+01 

1.000000000000000e+02 1.189313067992784e+01 

1.000000000000000e+02 1.141462148575186e+01 
