
1.000000000000000e+02 1.191347008577029e+01 

1.000000000000000e+02 1.064805161601517e+01 

1.000000000000000e+02 1.117972960368648e+01 

1.000000000000000e+02 1.061229451723207e+01 

1.000000000000000e+02 1.169497516259593e+01 

1.000000000000000e+02 1.238670876411285e+01 

1.000000000000000e+02 1.210723201746706e+01 

1.000000000000000e+02 1.184249838374514e+01 

1.000000000000000e+02 1.193903655713294e+01 

1.000000000000000e+02 1.157785429283283e+01 

1.000000000000000e+02 1.159068024915777e+01 

1.000000000000000e+02 1.238627227708369e+01 

1.000000000000000e+02 1.131761685336921e+01 

1.000000000000000e+02 1.175344586531837e+01 

1.000000000000000e+02 1.274025852911057e+01 

1.000000000000000e+02 1.192932718104010e+01 

1.000000000000000e+02 1.139051978349084e+01 

1.000000000000000e+02 1.149190769837462e+01 

1.000000000000000e+02 1.073048076950352e+01 

1.000000000000000e+02 1.190560195408970e+01 

1.000000000000000e+02 1.150977100817377e+01 

1.000000000000000e+02 1.245493348182998e+01 

1.000000000000000e+02 1.087240349193083e+01 

1.000000000000000e+02 1.236988415902803e+01 

1.000000000000000e+02 1.161550000623708e+01 

1.000000000000000e+02 1.174119030553319e+01 

1.000000000000000e+02 1.178912130787096e+01 

1.000000000000000e+02 1.155787374343179e+01 

1.000000000000000e+02 1.180678725486063e+01 

1.000000000000000e+02 1.042780878290715e+01 

1.000000000000000e+02 1.193163726843767e+01 

1.000000000000000e+02 1.137059168257481e+01 

1.000000000000000e+02 1.297721532663567e+01 

1.000000000000000e+02 1.151221253468777e+01 

1.000000000000000e+02 1.234154126482209e+01 

1.000000000000000e+02 1.175434774341552e+01 

1.000000000000000e+02 1.159252836694010e+01 

1.000000000000000e+02 1.329096658682456e+01 

1.000000000000000e+02 1.187712834455706e+01 

1.000000000000000e+02 1.333514808201761e+01 

1.000000000000000e+02 1.176093251824137e+01 

1.000000000000000e+02 1.134314826610757e+01 

1.000000000000000e+02 1.128938122118604e+01 

1.000000000000000e+02 1.178179902466890e+01 

1.000000000000000e+02 1.130990906303499e+01 

1.000000000000000e+02 1.216164391518388e+01 

1.000000000000000e+02 1.068344551019697e+01 

1.000000000000000e+02 1.179818397118689e+01 

1.000000000000000e+02 1.127921035522379e+01 

1.000000000000000e+02 1.258716724167598e+01 

1.000000000000000e+02 1.224189583681747e+01 

1.000000000000000e+02 1.228397529949710e+01 

1.000000000000000e+02 1.184057052174849e+01 

1.000000000000000e+02 1.180950299047536e+01 

1.000000000000000e+02 1.154968444651404e+01 

1.000000000000000e+02 1.173421687904255e+01 

1.000000000000000e+02 1.138650591156449e+01 

1.000000000000000e+02 1.067791478606848e+01 

1.000000000000000e+02 1.146805892985139e+01 

1.000000000000000e+02 1.237790884274681e+01 

1.000000000000000e+02 1.204915231330072e+01 

1.000000000000000e+02 1.198316771056252e+01 

1.000000000000000e+02 1.196009425511371e+01 

1.000000000000000e+02 1.195943883061494e+01 

1.000000000000000e+02 1.223876056218944e+01 

1.000000000000000e+02 1.176811481250366e+01 

1.000000000000000e+02 1.177416031187189e+01 

1.000000000000000e+02 1.158181867334640e+01 

1.000000000000000e+02 1.066572567821081e+01 

1.000000000000000e+02 1.069627850411274e+01 

1.000000000000000e+02 1.257310712550924e+01 

1.000000000000000e+02 1.130414324254015e+01 

1.000000000000000e+02 1.169575279595379e+01 

1.000000000000000e+02 1.213133461654707e+01 

1.000000000000000e+02 1.169621406665133e+01 

1.000000000000000e+02 1.283898557493223e+01 

1.000000000000000e+02 1.172487730089542e+01 

1.000000000000000e+02 1.175941841288788e+01 

1.000000000000000e+02 1.276267691693092e+01 

1.000000000000000e+02 1.137743599605726e+01 

1.000000000000000e+02 1.297193040867902e+01 

1.000000000000000e+02 1.115636800941624e+01 

1.000000000000000e+02 1.168024068563507e+01 

1.000000000000000e+02 1.189077504198214e+01 

1.000000000000000e+02 1.157980842844349e+01 

1.000000000000000e+02 1.209758185744544e+01 

1.000000000000000e+02 1.125815896755591e+01 

1.000000000000000e+02 1.233255660361852e+01 

1.000000000000000e+02 1.210898092237733e+01 

1.000000000000000e+02 1.150697709087449e+01 

1.000000000000000e+02 1.217950301333067e+01 

1.000000000000000e+02 1.227021590793860e+01 

1.000000000000000e+02 1.319735197801709e+01 

1.000000000000000e+02 1.136178928020978e+01 

1.000000000000000e+02 1.165648060284856e+01 

1.000000000000000e+02 1.145182218378463e+01 

1.000000000000000e+02 1.189559098319871e+01 

1.000000000000000e+02 1.176423901879598e+01 

1.000000000000000e+02 1.223559440036343e+01 

1.000000000000000e+02 1.164687363479555e+01 

1.000000000000000e+02 1.101830880255631e+01 

1.000000000000000e+02 1.143905376835573e+01 

1.000000000000000e+02 1.136517988618308e+01 

1.000000000000000e+02 1.150490209857583e+01 

1.000000000000000e+02 1.290218081006362e+01 

1.000000000000000e+02 1.176294956918200e+01 

1.000000000000000e+02 1.185517092423022e+01 

1.000000000000000e+02 1.126588855091506e+01 

1.000000000000000e+02 1.151965431402775e+01 

1.000000000000000e+02 1.177559362895494e+01 

1.000000000000000e+02 1.087914388540266e+01 

1.000000000000000e+02 1.150024219975088e+01 

1.000000000000000e+02 1.235355619496979e+01 

1.000000000000000e+02 1.235704309540441e+01 

1.000000000000000e+02 1.216470075918320e+01 

1.000000000000000e+02 1.132264001131217e+01 

1.000000000000000e+02 1.074205262881173e+01 

1.000000000000000e+02 1.166073585905874e+01 

1.000000000000000e+02 1.093533668291978e+01 

1.000000000000000e+02 1.235045034454221e+01 

1.000000000000000e+02 1.138947689336766e+01 

1.000000000000000e+02 1.263386246562446e+01 

1.000000000000000e+02 1.174762235329402e+01 

1.000000000000000e+02 1.142885488742552e+01 

1.000000000000000e+02 1.180937922685635e+01 

1.000000000000000e+02 1.097916005203289e+01 

1.000000000000000e+02 1.144196946174759e+01 

1.000000000000000e+02 1.219523770788084e+01 

1.000000000000000e+02 1.209395976187727e+01 

1.000000000000000e+02 1.153313612174352e+01 

1.000000000000000e+02 1.106442327255456e+01 

1.000000000000000e+02 1.152231227323705e+01 

1.000000000000000e+02 1.285430977136923e+01 

1.000000000000000e+02 1.101526612596163e+01 

1.000000000000000e+02 1.242122155823125e+01 

1.000000000000000e+02 1.225285239610405e+01 

1.000000000000000e+02 1.169213215452850e+01 

1.000000000000000e+02 1.121548979355403e+01 

1.000000000000000e+02 1.080398780616039e+01 

1.000000000000000e+02 1.166544357740338e+01 

1.000000000000000e+02 1.164902194383466e+01 

1.000000000000000e+02 1.122468284300618e+01 

1.000000000000000e+02 1.213604895746964e+01 

1.000000000000000e+02 1.148521979307125e+01 

1.000000000000000e+02 1.184513874352224e+01 

1.000000000000000e+02 1.202562066297167e+01 

1.000000000000000e+02 1.210303782084431e+01 

1.000000000000000e+02 1.033795832792230e+01 

1.000000000000000e+02 1.263037995777380e+01 

1.000000000000000e+02 1.119149435509594e+01 

1.000000000000000e+02 1.298479450279931e+01 

1.000000000000000e+02 1.302478307310092e+01 

1.000000000000000e+02 1.227907979804237e+01 

1.000000000000000e+02 1.160972349208268e+01 

1.000000000000000e+02 1.261198169066057e+01 

1.000000000000000e+02 1.199874183118164e+01 

1.000000000000000e+02 1.223702296050914e+01 

1.000000000000000e+02 1.175773347417937e+01 

1.000000000000000e+02 1.154935108980461e+01 

1.000000000000000e+02 1.080641874075455e+01 

1.000000000000000e+02 1.086493167321585e+01 

1.000000000000000e+02 1.123299794004079e+01 

1.000000000000000e+02 1.242022848736886e+01 

1.000000000000000e+02 1.193296167885147e+01 

1.000000000000000e+02 1.159185314775229e+01 

1.000000000000000e+02 1.287253817726988e+01 

1.000000000000000e+02 1.106555048318492e+01 

1.000000000000000e+02 1.156038749317405e+01 

1.000000000000000e+02 1.099903456771648e+01 

1.000000000000000e+02 1.165847016381132e+01 

1.000000000000000e+02 1.178791974383495e+01 

1.000000000000000e+02 1.238126729300558e+01 

1.000000000000000e+02 1.170835030373273e+01 

1.000000000000000e+02 1.203328358985191e+01 

1.000000000000000e+02 1.262477766760803e+01 

1.000000000000000e+02 1.120609555333760e+01 

1.000000000000000e+02 1.279402942516822e+01 

1.000000000000000e+02 1.150138157548819e+01 

1.000000000000000e+02 1.160336654604967e+01 

1.000000000000000e+02 1.179510001072215e+01 

1.000000000000000e+02 1.162017802137371e+01 

1.000000000000000e+02 1.249727716651526e+01 

1.000000000000000e+02 1.192553528335368e+01 

1.000000000000000e+02 1.238098337262138e+01 

1.000000000000000e+02 1.326647635005708e+01 

1.000000000000000e+02 1.130910824097407e+01 

1.000000000000000e+02 1.141040395721543e+01 

1.000000000000000e+02 1.118345219423014e+01 

1.000000000000000e+02 1.202342689104687e+01 

1.000000000000000e+02 1.171046598711938e+01 

1.000000000000000e+02 1.151883607868436e+01 

1.000000000000000e+02 1.060007475748061e+01 

1.000000000000000e+02 1.244971684532925e+01 

1.000000000000000e+02 1.143226075280379e+01 

1.000000000000000e+02 1.266489903437105e+01 

1.000000000000000e+02 1.141481250276291e+01 

1.000000000000000e+02 1.156133978047684e+01 

1.000000000000000e+02 1.134732445890942e+01 

1.000000000000000e+02 1.156757905204607e+01 

1.000000000000000e+02 1.175077280827917e+01 

1.000000000000000e+02 1.106393837357071e+01 

1.000000000000000e+02 1.144224260329090e+01 

1.000000000000000e+02 1.160542068626646e+01 

1.000000000000000e+02 1.186945562791208e+01 

1.000000000000000e+02 1.155450952917270e+01 

1.000000000000000e+02 1.104939487688940e+01 

1.000000000000000e+02 1.215741953376120e+01 

1.000000000000000e+02 1.173115664897975e+01 

1.000000000000000e+02 1.142046285319829e+01 

1.000000000000000e+02 1.143890707216040e+01 

1.000000000000000e+02 1.249312500017407e+01 

1.000000000000000e+02 1.190180761135819e+01 

1.000000000000000e+02 1.188243822667904e+01 

1.000000000000000e+02 1.116850855472121e+01 

1.000000000000000e+02 1.114379406930365e+01 

1.000000000000000e+02 1.132839229849055e+01 

1.000000000000000e+02 1.137850512724664e+01 

1.000000000000000e+02 1.089099945412854e+01 

1.000000000000000e+02 1.131594725392218e+01 

1.000000000000000e+02 1.083513942361052e+01 

1.000000000000000e+02 1.132866026651480e+01 

1.000000000000000e+02 1.150006319990359e+01 

1.000000000000000e+02 1.105107149055845e+01 

1.000000000000000e+02 1.300069561989619e+01 

1.000000000000000e+02 1.174961363523362e+01 

1.000000000000000e+02 1.268564543258990e+01 

1.000000000000000e+02 1.165971781447266e+01 

1.000000000000000e+02 1.166807190654064e+01 

1.000000000000000e+02 1.169620473191668e+01 

1.000000000000000e+02 1.112319781533785e+01 

1.000000000000000e+02 1.142957308511564e+01 

1.000000000000000e+02 1.288674664417056e+01 

1.000000000000000e+02 1.167305624931906e+01 

1.000000000000000e+02 1.200978797070290e+01 

1.000000000000000e+02 1.113808966719815e+01 

1.000000000000000e+02 1.185104930895716e+01 

1.000000000000000e+02 1.108262500524595e+01 

1.000000000000000e+02 1.095209525313027e+01 

1.000000000000000e+02 1.181015002727400e+01 

1.000000000000000e+02 1.287209143334563e+01 

1.000000000000000e+02 1.123760854413691e+01 

1.000000000000000e+02 1.182427414641973e+01 

1.000000000000000e+02 1.175054421656563e+01 

1.000000000000000e+02 1.166323092832445e+01 

1.000000000000000e+02 1.189270104003399e+01 

1.000000000000000e+02 1.203415148626478e+01 

1.000000000000000e+02 1.213861479564628e+01 

1.000000000000000e+02 1.251971874635170e+01 

1.000000000000000e+02 1.140361768640498e+01 

1.000000000000000e+02 1.161980554792596e+01 

1.000000000000000e+02 1.153805283633028e+01 

1.000000000000000e+02 1.112551503656182e+01 

1.000000000000000e+02 1.185103767293452e+01 

1.000000000000000e+02 1.194310241689981e+01 

1.000000000000000e+02 1.143652790095314e+01 

1.000000000000000e+02 1.181101689306347e+01 

1.000000000000000e+02 1.121903219096589e+01 

1.000000000000000e+02 1.122882925419278e+01 

1.000000000000000e+02 1.167903054467223e+01 

1.000000000000000e+02 1.119351277424099e+01 
