
1.000000000000000e+02 1.182445834053980e+01 

1.000000000000000e+02 1.161254632375506e+01 

1.000000000000000e+02 1.171739717294590e+01 

1.000000000000000e+02 1.135119687111055e+01 

1.000000000000000e+02 1.179059632361287e+01 

1.000000000000000e+02 1.103278442933746e+01 

1.000000000000000e+02 1.133932721013841e+01 

1.000000000000000e+02 1.160242486112482e+01 

1.000000000000000e+02 1.165419016013223e+01 

1.000000000000000e+02 1.258590170613708e+01 

1.000000000000000e+02 1.140778048790987e+01 

1.000000000000000e+02 1.208815168804094e+01 

1.000000000000000e+02 1.167711678328569e+01 

1.000000000000000e+02 1.183891412848828e+01 

1.000000000000000e+02 1.171075865757527e+01 

1.000000000000000e+02 1.213290071861861e+01 

1.000000000000000e+02 1.252050939440010e+01 

1.000000000000000e+02 1.147909069411813e+01 

1.000000000000000e+02 1.101583406329206e+01 

1.000000000000000e+02 1.217132986220977e+01 

1.000000000000000e+02 1.152822740183562e+01 

1.000000000000000e+02 1.232344599564738e+01 

1.000000000000000e+02 1.134123347425534e+01 

1.000000000000000e+02 1.127341961419280e+01 

1.000000000000000e+02 1.142574871242105e+01 

1.000000000000000e+02 1.211555452233975e+01 

1.000000000000000e+02 1.181463933850921e+01 

1.000000000000000e+02 1.211701860435922e+01 

1.000000000000000e+02 1.196421269344725e+01 

1.000000000000000e+02 1.133237772678589e+01 

1.000000000000000e+02 1.215510635574472e+01 

1.000000000000000e+02 1.185711787090654e+01 

1.000000000000000e+02 1.225833493012766e+01 

1.000000000000000e+02 1.166667446024466e+01 

1.000000000000000e+02 1.160655012596571e+01 

1.000000000000000e+02 1.159258104304038e+01 

1.000000000000000e+02 1.214828596165502e+01 

1.000000000000000e+02 1.091847202759991e+01 

1.000000000000000e+02 1.176604348682831e+01 

1.000000000000000e+02 1.180042563890416e+01 

1.000000000000000e+02 1.202452364966545e+01 

1.000000000000000e+02 1.165683522968118e+01 

1.000000000000000e+02 1.274037609740576e+01 

1.000000000000000e+02 1.144014841198418e+01 

1.000000000000000e+02 1.172801969812084e+01 

1.000000000000000e+02 1.141032284176713e+01 

1.000000000000000e+02 1.152696523783862e+01 

1.000000000000000e+02 1.142791823736706e+01 

1.000000000000000e+02 1.138487532066610e+01 

1.000000000000000e+02 1.095941147897648e+01 

1.000000000000000e+02 1.229033951874637e+01 

1.000000000000000e+02 1.109487963053772e+01 

1.000000000000000e+02 1.159697909159754e+01 

1.000000000000000e+02 1.201418092350498e+01 

1.000000000000000e+02 1.171255478363168e+01 

1.000000000000000e+02 1.191344073515967e+01 

1.000000000000000e+02 1.185079958001794e+01 

1.000000000000000e+02 1.215467172439739e+01 

1.000000000000000e+02 1.144756898815613e+01 

1.000000000000000e+02 1.187397844878313e+01 

1.000000000000000e+02 1.228021328244612e+01 

1.000000000000000e+02 1.188051660509668e+01 

1.000000000000000e+02 1.107348281759752e+01 

1.000000000000000e+02 1.195116620993892e+01 

1.000000000000000e+02 1.219716955510010e+01 

1.000000000000000e+02 1.253698836266756e+01 

1.000000000000000e+02 1.149820155854067e+01 

1.000000000000000e+02 1.164930814695258e+01 

1.000000000000000e+02 1.184723979457487e+01 

1.000000000000000e+02 1.146131011438692e+01 

1.000000000000000e+02 1.161138421467958e+01 

1.000000000000000e+02 1.179688122531985e+01 

1.000000000000000e+02 1.181793576727314e+01 

1.000000000000000e+02 1.179193178356018e+01 

1.000000000000000e+02 1.200863182959710e+01 

1.000000000000000e+02 1.172229427049556e+01 

1.000000000000000e+02 1.202874968569658e+01 

1.000000000000000e+02 1.147929831379750e+01 

1.000000000000000e+02 1.158745786733254e+01 

1.000000000000000e+02 1.195379954737617e+01 

1.000000000000000e+02 1.186978575638148e+01 

1.000000000000000e+02 1.097878241659224e+01 

1.000000000000000e+02 1.246561330353956e+01 

1.000000000000000e+02 1.108240947966586e+01 

1.000000000000000e+02 1.218480846795700e+01 

1.000000000000000e+02 1.142017705106490e+01 

1.000000000000000e+02 1.222771718746098e+01 

1.000000000000000e+02 1.138541217630190e+01 

1.000000000000000e+02 1.155192405142967e+01 

1.000000000000000e+02 1.151974009243061e+01 

1.000000000000000e+02 1.134219407186644e+01 

1.000000000000000e+02 1.189394617484389e+01 

1.000000000000000e+02 1.129640389437445e+01 

1.000000000000000e+02 1.170379743888857e+01 

1.000000000000000e+02 1.184072842640180e+01 

1.000000000000000e+02 1.255164021175097e+01 

1.000000000000000e+02 1.118900423930815e+01 

1.000000000000000e+02 1.137953828929577e+01 

1.000000000000000e+02 1.169425712045977e+01 

1.000000000000000e+02 1.193793530846014e+01 

1.000000000000000e+02 1.158679411366371e+01 

1.000000000000000e+02 1.155688942899041e+01 

1.000000000000000e+02 1.169821705204780e+01 

1.000000000000000e+02 1.192491161699811e+01 

1.000000000000000e+02 1.294352675441318e+01 

1.000000000000000e+02 1.173133558963477e+01 

1.000000000000000e+02 1.195530468771897e+01 

1.000000000000000e+02 1.180556622994643e+01 

1.000000000000000e+02 1.145271166741933e+01 

1.000000000000000e+02 1.284484163776515e+01 

1.000000000000000e+02 1.108742976342297e+01 

1.000000000000000e+02 1.193350614309347e+01 

1.000000000000000e+02 1.090317227536960e+01 

1.000000000000000e+02 1.203555066939996e+01 

1.000000000000000e+02 1.303002193728032e+01 

1.000000000000000e+02 1.136038070664649e+01 

1.000000000000000e+02 1.163956308273210e+01 

1.000000000000000e+02 1.195494726790816e+01 

1.000000000000000e+02 1.184412895501530e+01 

1.000000000000000e+02 1.220944180082892e+01 

1.000000000000000e+02 1.138102515162729e+01 

1.000000000000000e+02 1.220309420318505e+01 

1.000000000000000e+02 1.137056020585922e+01 

1.000000000000000e+02 1.154705259104827e+01 

1.000000000000000e+02 1.150345245079964e+01 

1.000000000000000e+02 1.268183334066480e+01 

1.000000000000000e+02 1.183794581003630e+01 

1.000000000000000e+02 1.199184259154114e+01 

1.000000000000000e+02 1.167408190636637e+01 

1.000000000000000e+02 1.212096017046418e+01 

1.000000000000000e+02 1.158921367950663e+01 

1.000000000000000e+02 1.274614798354439e+01 

1.000000000000000e+02 1.189277389094989e+01 

1.000000000000000e+02 1.224929379654639e+01 

1.000000000000000e+02 1.162395081380175e+01 

1.000000000000000e+02 1.179342394348935e+01 

1.000000000000000e+02 1.157062030034498e+01 

1.000000000000000e+02 1.167190636676879e+01 

1.000000000000000e+02 1.223011985451686e+01 

1.000000000000000e+02 1.120722426088647e+01 

1.000000000000000e+02 1.199807265022997e+01 

1.000000000000000e+02 1.155332801226177e+01 

1.000000000000000e+02 1.176025430729755e+01 

1.000000000000000e+02 1.211900000036161e+01 

1.000000000000000e+02 1.162435616348542e+01 

1.000000000000000e+02 1.118989104890527e+01 

1.000000000000000e+02 1.190662746679158e+01 

1.000000000000000e+02 1.138011747956917e+01 

1.000000000000000e+02 1.118680550808156e+01 

1.000000000000000e+02 1.237073991477633e+01 

1.000000000000000e+02 1.099932656064680e+01 

1.000000000000000e+02 1.164489129126676e+01 

1.000000000000000e+02 1.144426400566174e+01 

1.000000000000000e+02 1.181394631893306e+01 

1.000000000000000e+02 1.121629718208933e+01 

1.000000000000000e+02 1.146070745407514e+01 

1.000000000000000e+02 1.219119168700704e+01 

1.000000000000000e+02 1.136651118014829e+01 

1.000000000000000e+02 1.201974548869297e+01 

1.000000000000000e+02 1.144210876131688e+01 

1.000000000000000e+02 1.262452695182593e+01 

1.000000000000000e+02 1.206913610058589e+01 

1.000000000000000e+02 1.186172647516012e+01 

1.000000000000000e+02 1.146590144332727e+01 

1.000000000000000e+02 1.118959198020524e+01 

1.000000000000000e+02 1.159266719718808e+01 

1.000000000000000e+02 1.179697963193301e+01 

1.000000000000000e+02 1.185402034493338e+01 

1.000000000000000e+02 1.175915035408429e+01 

1.000000000000000e+02 1.146352152602715e+01 

1.000000000000000e+02 1.199401063064769e+01 

1.000000000000000e+02 1.141014243355949e+01 

1.000000000000000e+02 1.190318749749187e+01 

1.000000000000000e+02 1.171036611055653e+01 

1.000000000000000e+02 1.182160950379556e+01 

1.000000000000000e+02 1.231016817222215e+01 

1.000000000000000e+02 1.164228781217314e+01 

1.000000000000000e+02 1.159590227973170e+01 

1.000000000000000e+02 1.180356789731171e+01 

1.000000000000000e+02 1.241860165600637e+01 

1.000000000000000e+02 1.236479357809766e+01 

1.000000000000000e+02 1.207166837001100e+01 

1.000000000000000e+02 1.156181794178345e+01 

1.000000000000000e+02 1.272652209346993e+01 

1.000000000000000e+02 1.125569160013953e+01 

1.000000000000000e+02 1.200184923576290e+01 

1.000000000000000e+02 1.133045833142567e+01 

1.000000000000000e+02 1.174362591553100e+01 

1.000000000000000e+02 1.191801744665364e+01 

1.000000000000000e+02 1.139729166650637e+01 

1.000000000000000e+02 1.097034578036164e+01 

1.000000000000000e+02 1.171322580811620e+01 

1.000000000000000e+02 1.161669906201054e+01 

1.000000000000000e+02 1.148055251405744e+01 

1.000000000000000e+02 1.117267329245792e+01 

1.000000000000000e+02 1.161359809436830e+01 

1.000000000000000e+02 1.153914239613020e+01 

1.000000000000000e+02 1.175347469959855e+01 

1.000000000000000e+02 1.178775254804328e+01 

1.000000000000000e+02 1.209623842452845e+01 

1.000000000000000e+02 1.213390905658411e+01 

1.000000000000000e+02 1.188300535280003e+01 

1.000000000000000e+02 1.164229923693033e+01 

1.000000000000000e+02 1.149565197272584e+01 

1.000000000000000e+02 1.198188867795200e+01 

1.000000000000000e+02 1.168725631101851e+01 

1.000000000000000e+02 1.171312891573150e+01 

1.000000000000000e+02 1.155348406731973e+01 

1.000000000000000e+02 1.208719987503386e+01 

1.000000000000000e+02 1.225159396606335e+01 

1.000000000000000e+02 1.157171596719288e+01 

1.000000000000000e+02 1.264299572375458e+01 

1.000000000000000e+02 1.129759457031860e+01 

1.000000000000000e+02 1.150452070387222e+01 

1.000000000000000e+02 1.176393104172234e+01 

1.000000000000000e+02 1.183829313100404e+01 

1.000000000000000e+02 1.173168177314959e+01 

1.000000000000000e+02 1.181076966704348e+01 

1.000000000000000e+02 1.161143060617322e+01 

1.000000000000000e+02 1.205828589429013e+01 

1.000000000000000e+02 1.181447478195005e+01 

1.000000000000000e+02 1.202735223823101e+01 

1.000000000000000e+02 1.163571861073414e+01 

1.000000000000000e+02 1.136737500210293e+01 

1.000000000000000e+02 1.210309868561078e+01 

1.000000000000000e+02 1.160576167997248e+01 

1.000000000000000e+02 1.140720797150110e+01 

1.000000000000000e+02 1.179996341394512e+01 

1.000000000000000e+02 1.205249800491303e+01 

1.000000000000000e+02 1.181974760756495e+01 

1.000000000000000e+02 1.108136090326857e+01 

1.000000000000000e+02 1.208250522779785e+01 

1.000000000000000e+02 1.139131805985100e+01 

1.000000000000000e+02 1.155701807297004e+01 

1.000000000000000e+02 1.129715600078386e+01 

1.000000000000000e+02 1.201920846502697e+01 

1.000000000000000e+02 1.237959944812913e+01 

1.000000000000000e+02 1.202644839935701e+01 

1.000000000000000e+02 1.183683210735928e+01 

1.000000000000000e+02 1.204081250070775e+01 

1.000000000000000e+02 1.168832673444249e+01 

1.000000000000000e+02 1.182851946213236e+01 

1.000000000000000e+02 1.167842899417920e+01 

1.000000000000000e+02 1.212176098972163e+01 

1.000000000000000e+02 1.230463421107156e+01 

1.000000000000000e+02 1.195290165387633e+01 

1.000000000000000e+02 1.219626532785508e+01 

1.000000000000000e+02 1.276613948017682e+01 

1.000000000000000e+02 1.151094741110107e+01 

1.000000000000000e+02 1.181935046246542e+01 

1.000000000000000e+02 1.200186776385135e+01 

1.000000000000000e+02 1.171632828353590e+01 

1.000000000000000e+02 1.153475535565252e+01 

1.000000000000000e+02 1.261684147115345e+01 

1.000000000000000e+02 1.166953843263548e+01 

1.000000000000000e+02 1.177636119579703e+01 

1.000000000000000e+02 1.176345230900150e+01 

1.000000000000000e+02 1.212191281141495e+01 

1.000000000000000e+02 1.149179463323701e+01 

1.000000000000000e+02 1.210412114281029e+01 
