
1.000000000000000e+02 1.171855388992707e+01 

1.000000000000000e+02 1.164529442446695e+01 

1.000000000000000e+02 1.182573037896037e+01 

1.000000000000000e+02 1.171546061425620e+01 

1.000000000000000e+02 1.121000727393305e+01 

1.000000000000000e+02 1.149173143476603e+01 

1.000000000000000e+02 1.167826678791878e+01 

1.000000000000000e+02 1.173785117628047e+01 

1.000000000000000e+02 1.179672923634693e+01 

1.000000000000000e+02 1.196903281215714e+01 

1.000000000000000e+02 1.129626093074041e+01 

1.000000000000000e+02 1.151894635560691e+01 

1.000000000000000e+02 1.239130803517009e+01 

1.000000000000000e+02 1.154663628411021e+01 

1.000000000000000e+02 1.119203048550422e+01 

1.000000000000000e+02 1.240742620325778e+01 

1.000000000000000e+02 1.227900830596472e+01 

1.000000000000000e+02 1.155040874964014e+01 

1.000000000000000e+02 1.136935480852774e+01 

1.000000000000000e+02 1.121699379040726e+01 

1.000000000000000e+02 1.121083093104016e+01 

1.000000000000000e+02 1.219365931141386e+01 

1.000000000000000e+02 1.226235257051056e+01 

1.000000000000000e+02 1.082660916573484e+01 

1.000000000000000e+02 1.184445311670740e+01 

1.000000000000000e+02 1.160155528440045e+01 

1.000000000000000e+02 1.203798419716690e+01 

1.000000000000000e+02 1.164227377380121e+01 

1.000000000000000e+02 1.186832895875069e+01 

1.000000000000000e+02 1.132150707379822e+01 

1.000000000000000e+02 1.137957402384956e+01 

1.000000000000000e+02 1.126024783494080e+01 

1.000000000000000e+02 1.100456826511434e+01 

1.000000000000000e+02 1.167918465716019e+01 

1.000000000000000e+02 1.176766522114437e+01 

1.000000000000000e+02 1.237330208563419e+01 

1.000000000000000e+02 1.193431682303663e+01 

1.000000000000000e+02 1.152472856621704e+01 

1.000000000000000e+02 1.141216436235841e+01 

1.000000000000000e+02 1.149196148756466e+01 

1.000000000000000e+02 1.161778841317094e+01 

1.000000000000000e+02 1.173685539236479e+01 

1.000000000000000e+02 1.173044364888704e+01 

1.000000000000000e+02 1.087906671991040e+01 

1.000000000000000e+02 1.095396086945079e+01 

1.000000000000000e+02 1.144213365918157e+01 

1.000000000000000e+02 1.206216345253586e+01 

1.000000000000000e+02 1.245836668445428e+01 

1.000000000000000e+02 1.117774811768026e+01 

1.000000000000000e+02 1.097103164335939e+01 

1.000000000000000e+02 1.136031909130096e+01 

1.000000000000000e+02 1.214234431375808e+01 

1.000000000000000e+02 1.162448804198142e+01 

1.000000000000000e+02 1.178838055067452e+01 

1.000000000000000e+02 1.206525259654117e+01 

1.000000000000000e+02 1.199424676217505e+01 

1.000000000000000e+02 1.249666927991473e+01 

1.000000000000000e+02 1.236884102312065e+01 

1.000000000000000e+02 1.205689199148173e+01 

1.000000000000000e+02 1.228623351061572e+01 

1.000000000000000e+02 1.152632648375532e+01 

1.000000000000000e+02 1.184750410357439e+01 

1.000000000000000e+02 1.188918250107742e+01 

1.000000000000000e+02 1.209795107717607e+01 

1.000000000000000e+02 1.155268750542869e+01 

1.000000000000000e+02 1.149822535984828e+01 

1.000000000000000e+02 1.109246516032022e+01 

1.000000000000000e+02 1.107290832698072e+01 

1.000000000000000e+02 1.142401937028037e+01 

1.000000000000000e+02 1.162950613794396e+01 

1.000000000000000e+02 1.153745086522205e+01 

1.000000000000000e+02 1.183726993851252e+01 

1.000000000000000e+02 1.192806010474635e+01 

1.000000000000000e+02 1.152630473277550e+01 

1.000000000000000e+02 1.128231763440348e+01 

1.000000000000000e+02 1.205282956222211e+01 

1.000000000000000e+02 1.149996639723622e+01 

1.000000000000000e+02 1.150295436060680e+01 

1.000000000000000e+02 1.232819008744363e+01 

1.000000000000000e+02 1.136863539120090e+01 

1.000000000000000e+02 1.219005950859682e+01 

1.000000000000000e+02 1.166347346022705e+01 

1.000000000000000e+02 1.139338589233030e+01 

1.000000000000000e+02 1.138378558525440e+01 

1.000000000000000e+02 1.155362410758446e+01 

1.000000000000000e+02 1.170673845853413e+01 

1.000000000000000e+02 1.194240459172283e+01 

1.000000000000000e+02 1.249885811838534e+01 

1.000000000000000e+02 1.201460833847528e+01 

1.000000000000000e+02 1.134446161644774e+01 

1.000000000000000e+02 1.168881279202738e+01 

1.000000000000000e+02 1.125709262083672e+01 

1.000000000000000e+02 1.246561893127544e+01 

1.000000000000000e+02 1.174182075908764e+01 

1.000000000000000e+02 1.192612174016914e+01 

1.000000000000000e+02 1.149801486588938e+01 

1.000000000000000e+02 1.143661376376384e+01 

1.000000000000000e+02 1.091514038673037e+01 

1.000000000000000e+02 1.104050559428576e+01 

1.000000000000000e+02 1.186304010724702e+01 

1.000000000000000e+02 1.182252511047550e+01 

1.000000000000000e+02 1.082506481557690e+01 

1.000000000000000e+02 1.144046304901878e+01 

1.000000000000000e+02 1.169710249600363e+01 

1.000000000000000e+02 1.184810197490659e+01 

1.000000000000000e+02 1.159636724786260e+01 

1.000000000000000e+02 1.318581338331436e+01 

1.000000000000000e+02 1.146931990678472e+01 

1.000000000000000e+02 1.291166396615457e+01 

1.000000000000000e+02 1.127395376481633e+01 

1.000000000000000e+02 1.115447158976116e+01 

1.000000000000000e+02 1.200750090020839e+01 

1.000000000000000e+02 1.155357435073018e+01 

1.000000000000000e+02 1.362490705190695e+01 

1.000000000000000e+02 1.239623026053006e+01 

1.000000000000000e+02 1.203774909632258e+01 

1.000000000000000e+02 1.175565222475429e+01 

1.000000000000000e+02 1.276424541296271e+01 

1.000000000000000e+02 1.175631065710306e+01 

1.000000000000000e+02 1.269930831194974e+01 

1.000000000000000e+02 1.102984916603921e+01 

1.000000000000000e+02 1.133491895224892e+01 

1.000000000000000e+02 1.132733158518995e+01 

1.000000000000000e+02 1.169742083174186e+01 

1.000000000000000e+02 1.270900853269407e+01 

1.000000000000000e+02 1.235213252728076e+01 

1.000000000000000e+02 1.150322864985979e+01 

1.000000000000000e+02 1.198475210415378e+01 

1.000000000000000e+02 1.181135142379754e+01 

1.000000000000000e+02 1.110001598066458e+01 

1.000000000000000e+02 1.110712644218111e+01 

1.000000000000000e+02 1.154002718599724e+01 

1.000000000000000e+02 1.194086039375986e+01 

1.000000000000000e+02 1.115526921016283e+01 

1.000000000000000e+02 1.204310824881463e+01 

1.000000000000000e+02 1.067867646059609e+01 

1.000000000000000e+02 1.093992331780096e+01 

1.000000000000000e+02 1.164893980369191e+01 

1.000000000000000e+02 1.166625864613396e+01 

1.000000000000000e+02 1.154095094003561e+01 

1.000000000000000e+02 1.261527721127349e+01 

1.000000000000000e+02 1.120375688873844e+01 

1.000000000000000e+02 1.187516019934934e+01 

1.000000000000000e+02 1.006875821595103e+01 

1.000000000000000e+02 1.149854499221018e+01 

1.000000000000000e+02 1.126917218624980e+01 

1.000000000000000e+02 1.143219383298451e+01 

1.000000000000000e+02 1.144462500196183e+01 

1.000000000000000e+02 1.173909472437968e+01 

1.000000000000000e+02 1.199419059462657e+01 

1.000000000000000e+02 1.186020702496231e+01 

1.000000000000000e+02 1.065042189260532e+01 

1.000000000000000e+02 1.094872156868426e+01 

1.000000000000000e+02 1.172887392553150e+01 

1.000000000000000e+02 1.226930255832256e+01 

1.000000000000000e+02 1.229167263281088e+01 

1.000000000000000e+02 1.175502500642629e+01 

1.000000000000000e+02 1.175262167098917e+01 

1.000000000000000e+02 1.172856924229983e+01 

1.000000000000000e+02 1.190931390656274e+01 

1.000000000000000e+02 1.184036697488243e+01 

1.000000000000000e+02 1.155807970428968e+01 

1.000000000000000e+02 1.183083484294318e+01 

1.000000000000000e+02 1.175271490583602e+01 

1.000000000000000e+02 1.195509761514871e+01 

1.000000000000000e+02 1.183338518440660e+01 

1.000000000000000e+02 1.176107143418895e+01 

1.000000000000000e+02 1.160314598720435e+01 

1.000000000000000e+02 1.159417059046207e+01 

1.000000000000000e+02 1.204534604455218e+01 

1.000000000000000e+02 1.203564943955958e+01 

1.000000000000000e+02 1.256233348953505e+01 

1.000000000000000e+02 1.160806939583973e+01 

1.000000000000000e+02 1.140774389592614e+01 

1.000000000000000e+02 1.112410463198425e+01 

1.000000000000000e+02 1.186484445135071e+01 

1.000000000000000e+02 1.136192399532919e+01 

1.000000000000000e+02 1.275792747073825e+01 

1.000000000000000e+02 1.194667044010165e+01 

1.000000000000000e+02 1.120140064730794e+01 

1.000000000000000e+02 1.205304062814032e+01 

1.000000000000000e+02 1.110842409304141e+01 

1.000000000000000e+02 1.161014460153413e+01 

1.000000000000000e+02 1.083467793969746e+01 

1.000000000000000e+02 1.279274840844072e+01 

1.000000000000000e+02 1.149789456120818e+01 

1.000000000000000e+02 1.170301329772680e+01 

1.000000000000000e+02 1.212464450377285e+01 

1.000000000000000e+02 1.116090097816923e+01 

1.000000000000000e+02 1.070906675284213e+01 

1.000000000000000e+02 1.224192765929912e+01 

1.000000000000000e+02 1.199526339485395e+01 

1.000000000000000e+02 1.206505212242833e+01 

1.000000000000000e+02 1.093184040835382e+01 

1.000000000000000e+02 1.133042262865085e+01 

1.000000000000000e+02 1.141635514441016e+01 

1.000000000000000e+02 1.229384615787938e+01 

1.000000000000000e+02 1.198419543721951e+01 

1.000000000000000e+02 1.024750000780528e+01 

1.000000000000000e+02 1.142755219862606e+01 

1.000000000000000e+02 1.170331769519590e+01 

1.000000000000000e+02 1.242586652404090e+01 

1.000000000000000e+02 1.163633527268639e+01 

1.000000000000000e+02 1.252190870685670e+01 

1.000000000000000e+02 1.154673509507795e+01 

1.000000000000000e+02 1.172173991343840e+01 

1.000000000000000e+02 1.203734556528086e+01 

1.000000000000000e+02 1.157273628557878e+01 

1.000000000000000e+02 1.156343953053043e+01 

1.000000000000000e+02 1.205017019610886e+01 

1.000000000000000e+02 1.140379165651005e+01 

1.000000000000000e+02 1.235582580718951e+01 

1.000000000000000e+02 1.252617084185248e+01 

1.000000000000000e+02 1.173855018354619e+01 

1.000000000000000e+02 1.203560712337312e+01 

1.000000000000000e+02 1.233597546815681e+01 

1.000000000000000e+02 1.231810278634974e+01 

1.000000000000000e+02 1.164260119483964e+01 

1.000000000000000e+02 1.132857498070724e+01 

1.000000000000000e+02 1.204760641401815e+01 

1.000000000000000e+02 1.177728677848302e+01 

1.000000000000000e+02 1.130888647114838e+01 

1.000000000000000e+02 1.147607001781528e+01 

1.000000000000000e+02 1.183333036445623e+01 

1.000000000000000e+02 1.056588961469360e+01 

1.000000000000000e+02 1.209498490752567e+01 

1.000000000000000e+02 1.168768228921181e+01 

1.000000000000000e+02 1.161195344659181e+01 

1.000000000000000e+02 1.085302938007746e+01 

1.000000000000000e+02 1.068452780114156e+01 

1.000000000000000e+02 1.200192251382778e+01 

1.000000000000000e+02 1.244458037401443e+01 

1.000000000000000e+02 1.102803718808668e+01 

1.000000000000000e+02 1.120935715947771e+01 

1.000000000000000e+02 1.177271625012289e+01 

1.000000000000000e+02 1.221036321706729e+01 

1.000000000000000e+02 1.157874569847050e+01 

1.000000000000000e+02 1.161317938307301e+01 

1.000000000000000e+02 1.157367511417015e+01 

1.000000000000000e+02 1.185083460256888e+01 

1.000000000000000e+02 1.158963879991301e+01 

1.000000000000000e+02 1.096835633622836e+01 

1.000000000000000e+02 1.210616332126234e+01 

1.000000000000000e+02 1.152866934796173e+01 

1.000000000000000e+02 1.265702588342557e+01 

1.000000000000000e+02 1.202577284263477e+01 

1.000000000000000e+02 1.284362914661339e+01 

1.000000000000000e+02 1.164573006698999e+01 

1.000000000000000e+02 1.100177608935715e+01 

1.000000000000000e+02 1.120613125041084e+01 

1.000000000000000e+02 1.181426111194349e+01 

1.000000000000000e+02 1.231211159910546e+01 

1.000000000000000e+02 1.066463858472325e+01 

1.000000000000000e+02 1.185878690575826e+01 

1.000000000000000e+02 1.116035210806482e+01 

1.000000000000000e+02 1.130393479693203e+01 

1.000000000000000e+02 1.179762876227730e+01 

1.000000000000000e+02 1.194134706083340e+01 

1.000000000000000e+02 1.139704165279196e+01 

1.000000000000000e+02 1.151551258821324e+01 
