
1.000000000000000e+02 1.103114772046064e+01 

1.000000000000000e+02 1.145183283768615e+01 

1.000000000000000e+02 1.108075167888692e+01 

1.000000000000000e+02 1.272953939207897e+01 

1.000000000000000e+02 1.169706977638564e+01 

1.000000000000000e+02 1.260300726992088e+01 

1.000000000000000e+02 1.247477772780006e+01 

1.000000000000000e+02 1.126329672452736e+01 

1.000000000000000e+02 1.151271353662057e+01 

1.000000000000000e+02 1.350912491481218e+01 

1.000000000000000e+02 1.147328171445379e+01 

1.000000000000000e+02 1.223694785799499e+01 

1.000000000000000e+02 1.151665410149220e+01 

1.000000000000000e+02 1.181303002232506e+01 

1.000000000000000e+02 1.141017577549143e+01 

1.000000000000000e+02 1.126965918323357e+01 

1.000000000000000e+02 1.155204078946330e+01 

1.000000000000000e+02 1.164986197525792e+01 

1.000000000000000e+02 1.168838800334987e+01 

1.000000000000000e+02 1.149648115086197e+01 

1.000000000000000e+02 1.134877501292730e+01 

1.000000000000000e+02 1.306025004386869e+01 

1.000000000000000e+02 -nan 

1.000000000000000e+02 1.297297998428036e+01 

1.000000000000000e+02 1.224113098452728e+01 

1.000000000000000e+02 1.166304666926332e+01 

1.000000000000000e+02 1.188772328829764e+01 

1.000000000000000e+02 1.199046865505089e+01 

1.000000000000000e+02 1.159191160695735e+01 

1.000000000000000e+02 1.183650000774088e+01 

1.000000000000000e+02 1.169697494904259e+01 

1.000000000000000e+02 -nan 

1.000000000000000e+02 1.076512174946664e+01 

1.000000000000000e+02 1.195935381729119e+01 

1.000000000000000e+02 1.071925086693431e+01 

1.000000000000000e+02 1.151539449735556e+01 

1.000000000000000e+02 1.196745934391706e+01 

1.000000000000000e+02 1.138931554964991e+01 

1.000000000000000e+02 1.243917470380298e+01 

1.000000000000000e+02 1.182324997583629e+01 

1.000000000000000e+02 1.165122246009873e+01 

1.000000000000000e+02 1.177426229773894e+01 

1.000000000000000e+02 1.207918655413751e+01 

1.000000000000000e+02 1.168854150483189e+01 

1.000000000000000e+02 1.243739317199151e+01 

1.000000000000000e+02 1.218104540577126e+01 

1.000000000000000e+02 1.186600608496452e+01 

1.000000000000000e+02 1.153657395242931e+01 

1.000000000000000e+02 1.169589792379235e+01 

1.000000000000000e+02 1.212640695766685e+01 

1.000000000000000e+02 1.192076774545850e+01 

1.000000000000000e+02 1.223964174903750e+01 

1.000000000000000e+02 1.147966624483560e+01 

1.000000000000000e+02 1.119351618410133e+01 

1.000000000000000e+02 -nan 

1.000000000000000e+02 1.179065566831114e+01 

1.000000000000000e+02 1.153941116589721e+01 

1.000000000000000e+02 -nan 

1.000000000000000e+02 1.216135854783858e+01 

1.000000000000000e+02 1.191538948293302e+01 

1.000000000000000e+02 1.189574212540048e+01 

1.000000000000000e+02 1.286500801770550e+01 

1.000000000000000e+02 1.168517389751618e+01 

1.000000000000000e+02 1.235594935507696e+01 

1.000000000000000e+02 1.355830642869315e+01 

1.000000000000000e+02 1.152524916917833e+01 

1.000000000000000e+02 1.101334831595384e+01 

1.000000000000000e+02 -nan 

1.000000000000000e+02 1.122052777806932e+01 

1.000000000000000e+02 1.150217591244832e+01 

1.000000000000000e+02 1.089008593484748e+01 

1.000000000000000e+02 1.144334562735983e+01 

1.000000000000000e+02 -nan 

1.000000000000000e+02 1.212975404339198e+01 

1.000000000000000e+02 1.288784340187611e+01 

1.000000000000000e+02 1.223628654113368e+01 

1.000000000000000e+02 1.235750866703388e+01 

1.000000000000000e+02 1.226881252063896e+01 

1.000000000000000e+02 1.114342712363081e+01 

1.000000000000000e+02 1.151930238405747e+01 

1.000000000000000e+02 1.118696615224237e+01 

1.000000000000000e+02 1.115814511527940e+01 

1.000000000000000e+02 1.210965057575371e+01 

1.000000000000000e+02 1.158042425097820e+01 

1.000000000000000e+02 1.242453567938991e+01 

1.000000000000000e+02 1.164815248369053e+01 

1.000000000000000e+02 1.242424992720640e+01 

1.000000000000000e+02 1.164612737523137e+01 

1.000000000000000e+02 1.211368846526661e+01 

1.000000000000000e+02 1.200633713015678e+01 

1.000000000000000e+02 1.156902681753492e+01 

1.000000000000000e+02 1.255028485091561e+01 

1.000000000000000e+02 1.187283364857029e+01 

1.000000000000000e+02 -nan 

1.000000000000000e+02 1.224994637285217e+01 

1.000000000000000e+02 1.260727622528664e+01 

1.000000000000000e+02 1.151629544659226e+01 

1.000000000000000e+02 1.179021484777209e+01 

1.000000000000000e+02 1.164850020408631e+01 

1.000000000000000e+02 1.218625249869792e+01 

1.000000000000000e+02 1.149492751774451e+01 

1.000000000000000e+02 1.187376042207280e+01 

1.000000000000000e+02 1.156184938396815e+01 

1.000000000000000e+02 1.164392328373233e+01 

1.000000000000000e+02 1.126320564723517e+01 

1.000000000000000e+02 1.176493363807015e+01 

1.000000000000000e+02 -nan 

1.000000000000000e+02 1.163186554974484e+01 

1.000000000000000e+02 1.093666811513838e+01 

1.000000000000000e+02 1.129528483388656e+01 

1.000000000000000e+02 9.302125036716461e+00 

1.000000000000000e+02 1.204458325070891e+01 

1.000000000000000e+02 1.175680589340039e+01 

1.000000000000000e+02 -nan 

1.000000000000000e+02 1.102239705534500e+01 

1.000000000000000e+02 1.150419571132711e+01 

1.000000000000000e+02 1.102483687579620e+01 

1.000000000000000e+02 1.114935660545185e+01 

1.000000000000000e+02 1.102542856892291e+01 

1.000000000000000e+02 1.120007145829306e+01 

1.000000000000000e+02 1.193650007247925e+01 

1.000000000000000e+02 1.226134840478741e+01 

1.000000000000000e+02 1.176345997144542e+01 

1.000000000000000e+02 1.159028068801899e+01 

1.000000000000000e+02 1.198166899021967e+01 

1.000000000000000e+02 1.120315831585875e+01 

1.000000000000000e+02 1.135735259904841e+01 

1.000000000000000e+02 1.185821952982981e+01 

1.000000000000000e+02 1.202741744091516e+01 

1.000000000000000e+02 1.134500193490777e+01 

1.000000000000000e+02 1.153849963364533e+01 

1.000000000000000e+02 1.185126979221176e+01 

1.000000000000000e+02 1.166560389624264e+01 

1.000000000000000e+02 1.180359995364551e+01 

1.000000000000000e+02 -nan 

1.000000000000000e+02 1.214620728130387e+01 

1.000000000000000e+02 1.162408064575309e+01 

1.000000000000000e+02 1.130420683915168e+01 

1.000000000000000e+02 1.123011950929094e+01 

1.000000000000000e+02 1.164717229669106e+01 

1.000000000000000e+02 1.153961950671593e+01 

1.000000000000000e+02 1.191522747224198e+01 

1.000000000000000e+02 1.172942495346534e+01 

1.000000000000000e+02 1.140430560398399e+01 

1.000000000000000e+02 1.173863323363120e+01 

1.000000000000000e+02 1.250078123809197e+01 

1.000000000000000e+02 1.152372046383989e+01 

1.000000000000000e+02 1.276097160238710e+01 

1.000000000000000e+02 1.077290151456293e+01 

1.000000000000000e+02 1.161020259918996e+01 

1.000000000000000e+02 1.167179163297194e+01 

1.000000000000000e+02 1.198819702712301e+01 

1.000000000000000e+02 1.176764676155863e+01 

1.000000000000000e+02 1.158704347714630e+01 

1.000000000000000e+02 1.159350787965906e+01 

1.000000000000000e+02 1.140014298801936e+01 

1.000000000000000e+02 1.156531880700298e+01 

1.000000000000000e+02 1.198318371808308e+01 

1.000000000000000e+02 1.206080003976991e+01 

1.000000000000000e+02 1.096230346726299e+01 

1.000000000000000e+02 1.138209655728250e+01 

1.000000000000000e+02 1.124194530397678e+01 

1.000000000000000e+02 1.165601518991667e+01 

1.000000000000000e+02 1.185164885666513e+01 

1.000000000000000e+02 1.200670267077447e+01 

1.000000000000000e+02 1.275161056793605e+01 

1.000000000000000e+02 1.156650006771087e+01 

1.000000000000000e+02 1.163094050543616e+01 

1.000000000000000e+02 1.128994532823489e+01 

1.000000000000000e+02 1.194324998502245e+01 

1.000000000000000e+02 1.240310415625685e+01 

1.000000000000000e+02 1.229642498494065e+01 

1.000000000000000e+02 1.202528124054688e+01 

1.000000000000000e+02 1.200852812975340e+01 

1.000000000000000e+02 1.226437493165512e+01 

1.000000000000000e+02 1.206544836707847e+01 

1.000000000000000e+02 1.223868628401629e+01 

1.000000000000000e+02 1.131576326326531e+01 

1.000000000000000e+02 1.226803855035809e+01 

1.000000000000000e+02 1.204680770999584e+01 

1.000000000000000e+02 1.229873821614644e+01 

1.000000000000000e+02 1.239258437008053e+01 

1.000000000000000e+02 -nan 

1.000000000000000e+02 1.172173609998485e+01 

1.000000000000000e+02 1.118280502021265e+01 

1.000000000000000e+02 1.125893384672639e+01 

1.000000000000000e+02 1.108229450886074e+01 

1.000000000000000e+02 1.201539300592663e+01 

1.000000000000000e+02 1.136982901245318e+01 

1.000000000000000e+02 1.146254658069702e+01 

1.000000000000000e+02 1.115721517899241e+01 

1.000000000000000e+02 -nan 

1.000000000000000e+02 1.205492851026038e+01 

1.000000000000000e+02 1.192177652440416e+01 

1.000000000000000e+02 1.171649954323590e+01 

1.000000000000000e+02 1.193253295188275e+01 

1.000000000000000e+02 1.153282237366384e+01 

1.000000000000000e+02 1.126231730799107e+01 

1.000000000000000e+02 1.211757845264159e+01 

1.000000000000000e+02 1.107011036931202e+01 

1.000000000000000e+02 1.137738095375971e+01 

1.000000000000000e+02 1.199141848086373e+01 

1.000000000000000e+02 1.186503118274972e+01 

1.000000000000000e+02 1.202145073270015e+01 

1.000000000000000e+02 1.276508107217622e+01 

1.000000000000000e+02 1.346237496138875e+01 

1.000000000000000e+02 1.163306029912002e+01 

1.000000000000000e+02 1.175304658035272e+01 

1.000000000000000e+02 1.134872351005938e+01 

1.000000000000000e+02 1.130930143915763e+01 

1.000000000000000e+02 1.143667042593573e+01 

1.000000000000000e+02 1.166292250511676e+01 

1.000000000000000e+02 1.183246875660879e+01 

1.000000000000000e+02 1.181463514482511e+01 

1.000000000000000e+02 1.137155226921923e+01 

1.000000000000000e+02 1.152010944389196e+01 

1.000000000000000e+02 1.203448918130808e+01 

1.000000000000000e+02 1.148846337567726e+01 

1.000000000000000e+02 -nan 

1.000000000000000e+02 1.132641666134382e+01 

1.000000000000000e+02 1.234191447496482e+01 

1.000000000000000e+02 1.170996694478315e+01 

1.000000000000000e+02 1.209699794382103e+01 

1.000000000000000e+02 1.217982181693219e+01 

1.000000000000000e+02 1.148205619777484e+01 

1.000000000000000e+02 1.136151192869280e+01 

1.000000000000000e+02 1.128385000229188e+01 

1.000000000000000e+02 1.131583191197688e+01 

1.000000000000000e+02 1.095507504939624e+01 

1.000000000000000e+02 1.165861020397425e+01 

1.000000000000000e+02 1.210857304644828e+01 

1.000000000000000e+02 1.196430635284100e+01 

1.000000000000000e+02 1.146552672095930e+01 

1.000000000000000e+02 1.197108421612183e+01 

1.000000000000000e+02 1.143108075811883e+01 

1.000000000000000e+02 -nan 

1.000000000000000e+02 1.108925196662176e+01 

1.000000000000000e+02 1.176315706203637e+01 

1.000000000000000e+02 1.168524404224784e+01 

1.000000000000000e+02 1.203144480337957e+01 

1.000000000000000e+02 1.175449991226196e+01 

1.000000000000000e+02 1.146755661613888e+01 

1.000000000000000e+02 -nan 

1.000000000000000e+02 1.199423896389626e+01 

1.000000000000000e+02 1.151172959271249e+01 

1.000000000000000e+02 1.136199333119109e+01 

1.000000000000000e+02 1.148475356846947e+01 

1.000000000000000e+02 1.167323533414113e+01 

1.000000000000000e+02 1.185438134912917e+01 

1.000000000000000e+02 1.110619527101531e+01 

1.000000000000000e+02 1.211139301444373e+01 

1.000000000000000e+02 1.150301740878556e+01 

1.000000000000000e+02 1.191286395039677e+01 

1.000000000000000e+02 1.130987500316392e+01 

1.000000000000000e+02 1.170172688360361e+01 

1.000000000000000e+02 1.137680995375599e+01 

1.000000000000000e+02 1.184306337247194e+01 

1.000000000000000e+02 1.129010121614797e+01 

1.000000000000000e+02 1.124589714747349e+01 

1.000000000000000e+02 1.142378403216079e+01 

1.000000000000000e+02 1.178594926222012e+01 
