
1.000000000000000e+02 1.124978353789819e+01 

1.000000000000000e+02 1.169384558557319e+01 

1.000000000000000e+02 1.143199717391524e+01 

1.000000000000000e+02 1.090880593159046e+01 

1.000000000000000e+02 1.132140727219100e+01 

1.000000000000000e+02 1.200320764661898e+01 

1.000000000000000e+02 1.210216199051860e+01 

1.000000000000000e+02 1.188490265554874e+01 

1.000000000000000e+02 1.121193816516869e+01 

1.000000000000000e+02 1.092175752331648e+01 

1.000000000000000e+02 1.145330452918942e+01 

1.000000000000000e+02 1.122860553486513e+01 

1.000000000000000e+02 1.079259762004807e+01 

1.000000000000000e+02 1.127168687589931e+01 

1.000000000000000e+02 1.134248764618245e+01 

1.000000000000000e+02 1.116981714095144e+01 

1.000000000000000e+02 1.036237048404753e+01 

1.000000000000000e+02 1.119164410934599e+01 

1.000000000000000e+02 1.108432152953409e+01 

1.000000000000000e+02 1.091418051134760e+01 

1.000000000000000e+02 1.155813721144608e+01 

1.000000000000000e+02 1.186066042184773e+01 

1.000000000000000e+02 1.095017173644594e+01 

1.000000000000000e+02 1.162312346733356e+01 

1.000000000000000e+02 1.133859330189665e+01 

1.000000000000000e+02 1.117178350067000e+01 

1.000000000000000e+02 1.100171314854720e+01 

1.000000000000000e+02 1.124135713945363e+01 

1.000000000000000e+02 1.191622801911292e+01 

1.000000000000000e+02 1.146410680028286e+01 

1.000000000000000e+02 1.129589610417628e+01 

1.000000000000000e+02 1.135230822542688e+01 

1.000000000000000e+02 1.166288446125457e+01 

1.000000000000000e+02 1.140043472040970e+01 

1.000000000000000e+02 1.066810744531353e+01 

1.000000000000000e+02 1.134908614580451e+01 

1.000000000000000e+02 1.120269755054879e+01 

1.000000000000000e+02 1.132741298278196e+01 

1.000000000000000e+02 1.114589935139197e+01 

1.000000000000000e+02 1.163098739610578e+01 

1.000000000000000e+02 1.139427556801903e+01 

1.000000000000000e+02 1.189620160614241e+01 

1.000000000000000e+02 1.096386117217851e+01 

1.000000000000000e+02 1.169093775092193e+01 

1.000000000000000e+02 1.205394404437994e+01 

1.000000000000000e+02 1.112024829790328e+01 

1.000000000000000e+02 1.127736232448592e+01 

1.000000000000000e+02 1.144483895650226e+01 

1.000000000000000e+02 1.131325804848467e+01 

1.000000000000000e+02 1.164649955029971e+01 

1.000000000000000e+02 1.132055257173139e+01 

1.000000000000000e+02 1.148845055604929e+01 

1.000000000000000e+02 1.142437427112976e+01 

1.000000000000000e+02 1.118219021237917e+01 

1.000000000000000e+02 1.129049334738264e+01 

1.000000000000000e+02 1.131586897139698e+01 

1.000000000000000e+02 1.104361471161267e+01 

1.000000000000000e+02 1.153056163616309e+01 

1.000000000000000e+02 1.129521522573794e+01 

1.000000000000000e+02 1.153982653971175e+01 

1.000000000000000e+02 1.175639832670224e+01 

1.000000000000000e+02 1.132240392390427e+01 

1.000000000000000e+02 1.140282102959582e+01 

1.000000000000000e+02 1.149922106888635e+01 

1.000000000000000e+02 1.226715094661990e+01 

1.000000000000000e+02 1.160251187398817e+01 

1.000000000000000e+02 1.152705540236481e+01 

1.000000000000000e+02 1.182973118200959e+01 

1.000000000000000e+02 1.129242266613239e+01 

1.000000000000000e+02 1.158107630055390e+01 

1.000000000000000e+02 1.128555734952310e+01 

1.000000000000000e+02 1.129732131958029e+01 

1.000000000000000e+02 1.126234328168459e+01 

1.000000000000000e+02 1.101919732444651e+01 

1.000000000000000e+02 1.165401486490586e+01 

1.000000000000000e+02 1.128778670562574e+01 

1.000000000000000e+02 1.129033543445421e+01 

1.000000000000000e+02 1.152461465559772e+01 

1.000000000000000e+02 1.141552577431546e+01 

1.000000000000000e+02 1.117762126610646e+01 

1.000000000000000e+02 1.102758809184048e+01 

1.000000000000000e+02 1.084471323498452e+01 

1.000000000000000e+02 1.057921010163203e+01 

1.000000000000000e+02 1.167331074772272e+01 

1.000000000000000e+02 1.154919826984361e+01 

1.000000000000000e+02 1.113823900592129e+01 

1.000000000000000e+02 1.143562091468950e+01 

1.000000000000000e+02 1.147587124477079e+01 

1.000000000000000e+02 1.210805065430274e+01 

1.000000000000000e+02 1.091050001331179e+01 

1.000000000000000e+02 1.105003148894991e+01 

1.000000000000000e+02 1.082214611144310e+01 

1.000000000000000e+02 1.150492701619069e+01 

1.000000000000000e+02 1.181776230669367e+01 

1.000000000000000e+02 1.160104598190563e+01 

1.000000000000000e+02 1.135781250213162e+01 

1.000000000000000e+02 1.130858641202863e+01 

1.000000000000000e+02 1.083687229172249e+01 

1.000000000000000e+02 1.148627773580806e+01 

1.000000000000000e+02 1.144661940379694e+01 

1.000000000000000e+02 1.102160514737928e+01 

1.000000000000000e+02 1.171442731557710e+01 

1.000000000000000e+02 1.148655472574478e+01 

1.000000000000000e+02 1.071413029301003e+01 

1.000000000000000e+02 1.140621232045322e+01 

1.000000000000000e+02 1.179616302297142e+01 

1.000000000000000e+02 1.115636641371556e+01 

1.000000000000000e+02 1.113636722604656e+01 

1.000000000000000e+02 1.126670607915114e+01 

1.000000000000000e+02 1.115401300909436e+01 

1.000000000000000e+02 1.155784612395422e+01 

1.000000000000000e+02 1.129623293541492e+01 

1.000000000000000e+02 1.120011722090409e+01 

1.000000000000000e+02 1.169905874872623e+01 

1.000000000000000e+02 1.128739560960424e+01 

1.000000000000000e+02 1.283099281444861e+01 

1.000000000000000e+02 1.091776438577805e+01 

1.000000000000000e+02 1.111898700545737e+01 

1.000000000000000e+02 1.129578346283164e+01 

1.000000000000000e+02 1.135340806922959e+01 

1.000000000000000e+02 1.133960547694227e+01 

1.000000000000000e+02 1.140647626154011e+01 

1.000000000000000e+02 1.140362926219574e+01 

1.000000000000000e+02 1.114561563441495e+01 

1.000000000000000e+02 1.218715957145804e+01 

1.000000000000000e+02 1.109098312020719e+01 

1.000000000000000e+02 1.100296552151514e+01 

1.000000000000000e+02 1.186084457203266e+01 

1.000000000000000e+02 1.148211467512053e+01 

1.000000000000000e+02 1.202853032223857e+01 

1.000000000000000e+02 1.111525737736296e+01 

1.000000000000000e+02 1.129050580880471e+01 

1.000000000000000e+02 1.139010675691629e+01 

1.000000000000000e+02 1.075857194443483e+01 

1.000000000000000e+02 1.151284003549435e+01 

1.000000000000000e+02 1.119801099564668e+01 

1.000000000000000e+02 1.128984474497139e+01 

1.000000000000000e+02 1.167962684773142e+01 

1.000000000000000e+02 1.156481309362034e+01 

1.000000000000000e+02 1.107770410597750e+01 

1.000000000000000e+02 1.111455044283116e+01 

1.000000000000000e+02 1.109125686761645e+01 

1.000000000000000e+02 1.108159662836037e+01 

1.000000000000000e+02 1.161449680732041e+01 

1.000000000000000e+02 1.192065318561738e+01 

1.000000000000000e+02 1.215696984612863e+01 

1.000000000000000e+02 1.145533314144941e+01 

1.000000000000000e+02 1.148267458933441e+01 

1.000000000000000e+02 1.140115486296589e+01 

1.000000000000000e+02 1.180621483502783e+01 

1.000000000000000e+02 1.124666926587723e+01 

1.000000000000000e+02 1.153873423374405e+01 

1.000000000000000e+02 1.114875715606912e+01 

1.000000000000000e+02 1.129038244077724e+01 

1.000000000000000e+02 1.158519338440957e+01 

1.000000000000000e+02 1.187827909763472e+01 

1.000000000000000e+02 1.132635684615691e+01 

1.000000000000000e+02 1.174836876978479e+01 

1.000000000000000e+02 1.190398169896447e+01 

1.000000000000000e+02 1.084539810733946e+01 

1.000000000000000e+02 1.141198872002704e+01 

1.000000000000000e+02 1.108604373927531e+01 

1.000000000000000e+02 1.110820136633722e+01 

1.000000000000000e+02 1.136645685901648e+01 

1.000000000000000e+02 1.162350473118029e+01 

1.000000000000000e+02 1.147554845388004e+01 

1.000000000000000e+02 1.134517986682099e+01 

1.000000000000000e+02 1.148068654135747e+01 

1.000000000000000e+02 1.154203570500236e+01 

1.000000000000000e+02 1.114632863970650e+01 

1.000000000000000e+02 1.111616764897960e+01 

1.000000000000000e+02 1.137330397297128e+01 

1.000000000000000e+02 1.130605722657767e+01 

1.000000000000000e+02 1.224742338638093e+01 

1.000000000000000e+02 1.107499131522159e+01 

1.000000000000000e+02 1.155360515536389e+01 

1.000000000000000e+02 1.096936198497783e+01 

1.000000000000000e+02 1.089446824225890e+01 

1.000000000000000e+02 1.150604039884021e+01 

1.000000000000000e+02 1.210607080142958e+01 

1.000000000000000e+02 1.173469946714149e+01 

1.000000000000000e+02 1.118337457375202e+01 

1.000000000000000e+02 1.171012600351342e+01 

1.000000000000000e+02 1.167329099488076e+01 

1.000000000000000e+02 1.134935066113760e+01 

1.000000000000000e+02 1.089542474363133e+01 

1.000000000000000e+02 1.106174867436490e+01 

1.000000000000000e+02 1.158152782601147e+01 

1.000000000000000e+02 1.146155626585650e+01 

1.000000000000000e+02 1.125774284063436e+01 

1.000000000000000e+02 1.094590476122667e+01 

1.000000000000000e+02 1.111427411858284e+01 

1.000000000000000e+02 1.198357234564439e+01 

1.000000000000000e+02 1.095850119240180e+01 

1.000000000000000e+02 1.202318382241174e+01 

1.000000000000000e+02 1.115068495548360e+01 

1.000000000000000e+02 1.123762448224982e+01 

1.000000000000000e+02 1.132249188448894e+01 

1.000000000000000e+02 1.138067197305899e+01 

1.000000000000000e+02 1.175407643052512e+01 

1.000000000000000e+02 1.079782290969789e+01 

1.000000000000000e+02 1.136911117212905e+01 

1.000000000000000e+02 1.208592767824788e+01 

1.000000000000000e+02 1.096000185147865e+01 

1.000000000000000e+02 1.154218949866335e+01 

1.000000000000000e+02 1.099957892233466e+01 

1.000000000000000e+02 1.104920832650791e+01 

1.000000000000000e+02 1.126829782983473e+01 

1.000000000000000e+02 1.127370984689869e+01 

1.000000000000000e+02 1.111363772192526e+01 

1.000000000000000e+02 1.228419119493518e+01 

1.000000000000000e+02 1.177068520030010e+01 

1.000000000000000e+02 1.136010022045167e+01 

1.000000000000000e+02 1.113613741730515e+01 

1.000000000000000e+02 1.130074617056890e+01 

1.000000000000000e+02 1.141957434424814e+01 

1.000000000000000e+02 1.209395798682183e+01 

1.000000000000000e+02 1.127403527086872e+01 

1.000000000000000e+02 1.127879653812941e+01 

1.000000000000000e+02 1.114066173214546e+01 

1.000000000000000e+02 1.154955888953940e+01 

1.000000000000000e+02 1.128449828330951e+01 

1.000000000000000e+02 1.156635416381895e+01 

1.000000000000000e+02 1.064686202253269e+01 

1.000000000000000e+02 1.172838001225034e+01 

1.000000000000000e+02 1.122731395361029e+01 

1.000000000000000e+02 1.104874896755876e+01 

1.000000000000000e+02 1.152365103951001e+01 

1.000000000000000e+02 1.132706779149819e+01 

1.000000000000000e+02 1.173795609079101e+01 

1.000000000000000e+02 1.150912888458680e+01 

1.000000000000000e+02 1.135325474477528e+01 

1.000000000000000e+02 1.087847615678432e+01 

1.000000000000000e+02 1.156582476905463e+01 

1.000000000000000e+02 1.111205401991556e+01 

1.000000000000000e+02 1.107964815901739e+01 

1.000000000000000e+02 1.134540653518622e+01 

1.000000000000000e+02 1.154601998038119e+01 

1.000000000000000e+02 1.138255046473611e+01 

1.000000000000000e+02 1.173325247329471e+01 

1.000000000000000e+02 1.194035684694787e+01 

1.000000000000000e+02 1.146828854863854e+01 

1.000000000000000e+02 1.102166697608900e+01 

1.000000000000000e+02 1.194392310729725e+01 

1.000000000000000e+02 1.127171974546310e+01 

1.000000000000000e+02 1.161232640058318e+01 

1.000000000000000e+02 1.194969913486894e+01 

1.000000000000000e+02 1.122603960292226e+01 

1.000000000000000e+02 1.085400883258453e+01 

1.000000000000000e+02 1.122044816726309e+01 

1.000000000000000e+02 1.105524581391911e+01 

1.000000000000000e+02 1.119129992589481e+01 

1.000000000000000e+02 1.138930917856502e+01 

1.000000000000000e+02 1.155262430426834e+01 

1.000000000000000e+02 1.134530187171413e+01 

1.000000000000000e+02 1.154956746754703e+01 

1.000000000000000e+02 1.104120161264333e+01 

1.000000000000000e+02 1.202865755673227e+01 

1.000000000000000e+02 1.159015975948205e+01 

1.000000000000000e+02 1.056347592858996e+01 
