
1.000000000000000e+02 1.082805572184485e+01 

1.000000000000000e+02 1.166654477326739e+01 

1.000000000000000e+02 1.202025040253514e+01 

1.000000000000000e+02 1.172908871968192e+01 

1.000000000000000e+02 1.145929823991717e+01 

1.000000000000000e+02 1.149922013567567e+01 

1.000000000000000e+02 1.241790545506979e+01 

1.000000000000000e+02 1.159397719679668e+01 

1.000000000000000e+02 1.184519721136868e+01 

1.000000000000000e+02 1.167620908849415e+01 

1.000000000000000e+02 1.096543727583907e+01 

1.000000000000000e+02 1.206544860833960e+01 

1.000000000000000e+02 1.086803665599055e+01 

1.000000000000000e+02 1.150293435131219e+01 

1.000000000000000e+02 1.210931183508347e+01 

1.000000000000000e+02 1.113076108897569e+01 

1.000000000000000e+02 1.187258811746161e+01 

1.000000000000000e+02 1.097043226484509e+01 

1.000000000000000e+02 1.130128817490424e+01 

1.000000000000000e+02 1.199291964556424e+01 

1.000000000000000e+02 1.080934794402777e+01 

1.000000000000000e+02 1.256491532344900e+01 

1.000000000000000e+02 1.099216492763916e+01 

1.000000000000000e+02 1.177070747522591e+01 

1.000000000000000e+02 1.133248510386662e+01 

1.000000000000000e+02 1.175865384766979e+01 

1.000000000000000e+02 1.154918629236949e+01 

1.000000000000000e+02 1.024229759614180e+01 

1.000000000000000e+02 1.231330526774492e+01 

1.000000000000000e+02 1.140197450295136e+01 

1.000000000000000e+02 1.134484325606427e+01 

1.000000000000000e+02 1.139064931144997e+01 

1.000000000000000e+02 1.147321931700348e+01 

1.000000000000000e+02 1.150804563647112e+01 

1.000000000000000e+02 1.131053306306580e+01 

1.000000000000000e+02 1.238275618182556e+01 

1.000000000000000e+02 1.105419234214114e+01 

1.000000000000000e+02 1.138467321438373e+01 

1.000000000000000e+02 1.205122040101404e+01 

1.000000000000000e+02 1.130843497698075e+01 

1.000000000000000e+02 1.129220896981893e+01 

1.000000000000000e+02 1.151877212952234e+01 

1.000000000000000e+02 1.122041999080052e+01 

1.000000000000000e+02 1.138141720887123e+01 

1.000000000000000e+02 1.056546234869348e+01 

1.000000000000000e+02 1.176281422211992e+01 

1.000000000000000e+02 1.138771797188453e+01 

1.000000000000000e+02 1.126833822621828e+01 

1.000000000000000e+02 1.162406727299070e+01 

1.000000000000000e+02 1.132167481741141e+01 

1.000000000000000e+02 1.121576290071000e+01 

1.000000000000000e+02 1.107055318355447e+01 

1.000000000000000e+02 1.154325647883825e+01 

1.000000000000000e+02 1.182058889600880e+01 

1.000000000000000e+02 1.114220485587952e+01 

1.000000000000000e+02 1.150117751162723e+01 

1.000000000000000e+02 1.193637194458373e+01 

1.000000000000000e+02 1.165158908460194e+01 

1.000000000000000e+02 1.138802313378961e+01 

1.000000000000000e+02 1.084050047077909e+01 

1.000000000000000e+02 1.098761480715423e+01 

1.000000000000000e+02 1.159348565627012e+01 

1.000000000000000e+02 1.143288144213270e+01 

1.000000000000000e+02 1.159482596198625e+01 

1.000000000000000e+02 1.117887158342764e+01 

1.000000000000000e+02 1.136551012392637e+01 

1.000000000000000e+02 1.101474414302484e+01 

1.000000000000000e+02 1.138444280018195e+01 

1.000000000000000e+02 1.172084793212773e+01 

1.000000000000000e+02 1.092995531903261e+01 

1.000000000000000e+02 1.101214680675794e+01 

1.000000000000000e+02 1.133135492195839e+01 

1.000000000000000e+02 1.182001974206272e+01 

1.000000000000000e+02 1.096809238972852e+01 

1.000000000000000e+02 1.169031420477600e+01 

1.000000000000000e+02 1.157013924617014e+01 

1.000000000000000e+02 1.106287895210862e+01 

1.000000000000000e+02 1.180980508630698e+01 

1.000000000000000e+02 1.096939769279128e+01 

1.000000000000000e+02 1.087282245087125e+01 

1.000000000000000e+02 1.107277385287810e+01 

1.000000000000000e+02 1.053331106351266e+01 

1.000000000000000e+02 1.177562501033172e+01 

1.000000000000000e+02 1.120979849151520e+01 

1.000000000000000e+02 1.121020945705222e+01 

1.000000000000000e+02 1.181689643879253e+01 

1.000000000000000e+02 1.147394948786364e+01 

1.000000000000000e+02 1.156640025642190e+01 

1.000000000000000e+02 1.045938534127117e+01 

1.000000000000000e+02 1.134605565558267e+01 

1.000000000000000e+02 1.125781765766975e+01 

1.000000000000000e+02 1.138808545328184e+01 

1.000000000000000e+02 1.135396652545093e+01 

1.000000000000000e+02 1.189597065419718e+01 

1.000000000000000e+02 1.181624955311507e+01 

1.000000000000000e+02 1.119993544803811e+01 

1.000000000000000e+02 1.212761514481422e+01 

1.000000000000000e+02 1.210901824265554e+01 

1.000000000000000e+02 1.111449553403626e+01 

1.000000000000000e+02 1.158379075370348e+01 

1.000000000000000e+02 1.154531980370422e+01 

1.000000000000000e+02 1.163510737703250e+01 

1.000000000000000e+02 1.148226281574665e+01 

1.000000000000000e+02 1.125607993367393e+01 

1.000000000000000e+02 1.128128413047591e+01 

1.000000000000000e+02 1.172303997418372e+01 

1.000000000000000e+02 1.131135701827065e+01 

1.000000000000000e+02 1.189598118361939e+01 

1.000000000000000e+02 1.125747007026561e+01 

1.000000000000000e+02 1.149442448922213e+01 

1.000000000000000e+02 1.150878736591909e+01 

1.000000000000000e+02 1.138165595183928e+01 

1.000000000000000e+02 1.168245186606885e+01 

1.000000000000000e+02 1.082221283873338e+01 

1.000000000000000e+02 1.132870058836114e+01 

1.000000000000000e+02 1.158989244950921e+01 

1.000000000000000e+02 1.137872597564513e+01 

1.000000000000000e+02 1.160872723861081e+01 

1.000000000000000e+02 1.149866025875935e+01 

1.000000000000000e+02 1.189814292922659e+01 

1.000000000000000e+02 1.181534497434387e+01 

1.000000000000000e+02 1.190425403118150e+01 

1.000000000000000e+02 1.173906497586272e+01 

1.000000000000000e+02 1.106603936980136e+01 

1.000000000000000e+02 1.195542041301716e+01 

1.000000000000000e+02 1.165113355260010e+01 

1.000000000000000e+02 1.109941216296250e+01 

1.000000000000000e+02 1.159911585574770e+01 

1.000000000000000e+02 1.104352474992887e+01 

1.000000000000000e+02 1.148608005822474e+01 

1.000000000000000e+02 1.121738860903113e+01 

1.000000000000000e+02 1.171057736055739e+01 

1.000000000000000e+02 1.143224365598865e+01 

1.000000000000000e+02 1.142548106988538e+01 

1.000000000000000e+02 1.093690635206866e+01 

1.000000000000000e+02 1.108312839512044e+01 

1.000000000000000e+02 1.157810838777031e+01 

1.000000000000000e+02 1.150037044025725e+01 

1.000000000000000e+02 1.118415856234913e+01 

1.000000000000000e+02 1.144901240804620e+01 

1.000000000000000e+02 1.114336705566521e+01 

1.000000000000000e+02 1.137658465267750e+01 

1.000000000000000e+02 1.136322371172314e+01 

1.000000000000000e+02 1.146955157931105e+01 

1.000000000000000e+02 1.086479697504588e+01 

1.000000000000000e+02 1.231102950898750e+01 

1.000000000000000e+02 1.255854983100255e+01 

1.000000000000000e+02 1.225662189257249e+01 

1.000000000000000e+02 1.165695966579366e+01 

1.000000000000000e+02 1.185679549504563e+01 

1.000000000000000e+02 1.198501283012187e+01 

1.000000000000000e+02 1.159202229684690e+01 

1.000000000000000e+02 1.117846751148621e+01 

1.000000000000000e+02 1.173221240718903e+01 

1.000000000000000e+02 1.107786603673663e+01 

1.000000000000000e+02 1.099121615817778e+01 

1.000000000000000e+02 1.136170862050524e+01 

1.000000000000000e+02 1.224530569971362e+01 

1.000000000000000e+02 1.149619049845481e+01 

1.000000000000000e+02 1.167393555003034e+01 

1.000000000000000e+02 1.126104152444753e+01 

1.000000000000000e+02 1.165487627440009e+01 

1.000000000000000e+02 1.100919973141853e+01 

1.000000000000000e+02 1.176919856355676e+01 

1.000000000000000e+02 1.153336756379913e+01 

1.000000000000000e+02 1.122833097005273e+01 

1.000000000000000e+02 1.118917806007014e+01 

1.000000000000000e+02 1.203768705807027e+01 

1.000000000000000e+02 1.125212547059401e+01 

1.000000000000000e+02 1.176011509667187e+01 

1.000000000000000e+02 1.134576434639623e+01 

1.000000000000000e+02 1.138872315159570e+01 

1.000000000000000e+02 1.132357581169491e+01 

1.000000000000000e+02 1.121630743562101e+01 

1.000000000000000e+02 1.134012864375468e+01 

1.000000000000000e+02 1.191985453504262e+01 

1.000000000000000e+02 1.117580036300460e+01 

1.000000000000000e+02 1.140542396974686e+01 

1.000000000000000e+02 1.075382191616376e+01 

1.000000000000000e+02 1.183625927872904e+01 

1.000000000000000e+02 1.154751864671696e+01 

1.000000000000000e+02 1.189539555675197e+01 

1.000000000000000e+02 1.090784775798229e+01 

1.000000000000000e+02 1.140283844681882e+01 

1.000000000000000e+02 1.143988714415373e+01 

1.000000000000000e+02 1.134563838399106e+01 

1.000000000000000e+02 1.138567245754010e+01 

1.000000000000000e+02 1.121875575753318e+01 

1.000000000000000e+02 1.103758615255496e+01 

1.000000000000000e+02 1.118704233598879e+01 

1.000000000000000e+02 1.154884736919072e+01 

1.000000000000000e+02 1.148863510480902e+01 

1.000000000000000e+02 1.070531752102010e+01 

1.000000000000000e+02 1.146504046500340e+01 

1.000000000000000e+02 1.284981514946422e+01 

1.000000000000000e+02 1.138310597858538e+01 

1.000000000000000e+02 1.141558132266469e+01 

1.000000000000000e+02 1.166674225130183e+01 

1.000000000000000e+02 1.186349144045140e+01 

1.000000000000000e+02 1.165474881141937e+01 

1.000000000000000e+02 1.116253996090834e+01 

1.000000000000000e+02 1.184465227880266e+01 

1.000000000000000e+02 1.083667774657123e+01 

1.000000000000000e+02 1.116140417774405e+01 

1.000000000000000e+02 1.187648303253329e+01 

1.000000000000000e+02 1.193772974903994e+01 

1.000000000000000e+02 1.079215166628336e+01 

1.000000000000000e+02 1.147924519754401e+01 

1.000000000000000e+02 1.161242165211279e+01 

1.000000000000000e+02 1.074156484343528e+01 

1.000000000000000e+02 1.130144850038291e+01 

1.000000000000000e+02 1.120661153288989e+01 

1.000000000000000e+02 1.189093750286188e+01 

1.000000000000000e+02 1.118345323871836e+01 

1.000000000000000e+02 1.121287582725890e+01 

1.000000000000000e+02 1.180212364443087e+01 

1.000000000000000e+02 1.203110007304585e+01 

1.000000000000000e+02 1.142538659185704e+01 

1.000000000000000e+02 1.176209456018545e+01 

1.000000000000000e+02 1.116423057651798e+01 

1.000000000000000e+02 1.186656064987187e+01 

1.000000000000000e+02 1.100339861997845e+01 

1.000000000000000e+02 1.085185388233996e+01 

1.000000000000000e+02 1.168593230832800e+01 

1.000000000000000e+02 1.114367838834946e+01 

1.000000000000000e+02 1.170036364490558e+01 

1.000000000000000e+02 1.177911028046677e+01 

1.000000000000000e+02 1.157188677518973e+01 

1.000000000000000e+02 1.119286926538230e+01 

1.000000000000000e+02 1.140419289834244e+01 

1.000000000000000e+02 1.162346552281486e+01 

1.000000000000000e+02 1.116854283046964e+01 

1.000000000000000e+02 1.188516362156466e+01 

1.000000000000000e+02 1.122743006957154e+01 

1.000000000000000e+02 1.120349821758025e+01 

1.000000000000000e+02 1.145175497417288e+01 

1.000000000000000e+02 1.138725593695034e+01 

1.000000000000000e+02 1.125342749814258e+01 

1.000000000000000e+02 1.251452518057048e+01 

1.000000000000000e+02 1.194890007486375e+01 

1.000000000000000e+02 1.114417869629058e+01 

1.000000000000000e+02 1.253808418646060e+01 

1.000000000000000e+02 1.177308660575256e+01 

1.000000000000000e+02 1.117345319387848e+01 

1.000000000000000e+02 1.128431541701008e+01 

1.000000000000000e+02 1.165976896532493e+01 

1.000000000000000e+02 1.213563115440371e+01 

1.000000000000000e+02 1.178633023005834e+01 

1.000000000000000e+02 1.097522241496422e+01 

1.000000000000000e+02 1.134720312280389e+01 

1.000000000000000e+02 1.165726423921049e+01 

1.000000000000000e+02 1.142839062113491e+01 

1.000000000000000e+02 1.166989687510904e+01 

1.000000000000000e+02 1.136702296780199e+01 

1.000000000000000e+02 1.161022780844374e+01 

1.000000000000000e+02 1.139371315889233e+01 

1.000000000000000e+02 1.150785268926261e+01 

1.000000000000000e+02 1.147699566139568e+01 

1.000000000000000e+02 1.168150401556447e+01 

1.000000000000000e+02 1.138101797922170e+01 
