
1.000000000000000e+02 1.157342598281337e+01 

1.000000000000000e+02 1.150326875320221e+01 

1.000000000000000e+02 1.124007623374583e+01 

1.000000000000000e+02 1.162820624325872e+01 

1.000000000000000e+02 1.133685683466966e+01 

1.000000000000000e+02 1.163064181560606e+01 

1.000000000000000e+02 1.205806805131706e+01 

1.000000000000000e+02 1.138288392521781e+01 

1.000000000000000e+02 1.165239808805606e+01 

1.000000000000000e+02 1.115562059824792e+01 

1.000000000000000e+02 1.128708808039042e+01 

1.000000000000000e+02 1.136631160378527e+01 

1.000000000000000e+02 1.177373258948010e+01 

1.000000000000000e+02 1.067757999526121e+01 

1.000000000000000e+02 1.095521875454925e+01 

1.000000000000000e+02 1.179611665844982e+01 

1.000000000000000e+02 1.121983458296114e+01 

1.000000000000000e+02 1.101839437871699e+01 

1.000000000000000e+02 1.157226994665299e+01 

1.000000000000000e+02 1.158700995214812e+01 

1.000000000000000e+02 1.145000620197112e+01 

1.000000000000000e+02 1.176071057220222e+01 

1.000000000000000e+02 1.169142713325915e+01 

1.000000000000000e+02 1.097136399745843e+01 

1.000000000000000e+02 1.101505415837057e+01 

1.000000000000000e+02 1.129939925137156e+01 

1.000000000000000e+02 1.074468928809650e+01 

1.000000000000000e+02 1.092412310748445e+01 

1.000000000000000e+02 1.137238008268598e+01 

1.000000000000000e+02 1.118401241260126e+01 

1.000000000000000e+02 1.208074625523509e+01 

1.000000000000000e+02 1.118630793436333e+01 

1.000000000000000e+02 1.157853448465626e+01 

1.000000000000000e+02 1.117163172203913e+01 

1.000000000000000e+02 1.152574272696504e+01 

1.000000000000000e+02 1.175016378602777e+01 

1.000000000000000e+02 1.148966479569341e+01 

1.000000000000000e+02 1.186318262366555e+01 

1.000000000000000e+02 1.167400553105696e+01 

1.000000000000000e+02 1.104303876091549e+01 

1.000000000000000e+02 1.139354560845415e+01 

1.000000000000000e+02 1.159735233023853e+01 

1.000000000000000e+02 1.133110000633013e+01 

1.000000000000000e+02 1.157675432131153e+01 

1.000000000000000e+02 1.124514183899209e+01 

1.000000000000000e+02 1.093668308187877e+01 

1.000000000000000e+02 1.121589338183390e+01 

1.000000000000000e+02 1.142758735912946e+01 

1.000000000000000e+02 1.180081494520287e+01 

1.000000000000000e+02 1.140156315753319e+01 

1.000000000000000e+02 1.280914430410527e+01 

1.000000000000000e+02 1.120453629339947e+01 

1.000000000000000e+02 1.108125864761977e+01 

1.000000000000000e+02 1.000546794633070e+01 

1.000000000000000e+02 1.137223446758695e+01 

1.000000000000000e+02 1.195911279538834e+01 

1.000000000000000e+02 1.151092868030815e+01 

1.000000000000000e+02 1.110657068910791e+01 

1.000000000000000e+02 1.155491479924060e+01 

1.000000000000000e+02 1.110703182849814e+01 

1.000000000000000e+02 1.142305246841830e+01 

1.000000000000000e+02 1.174136738467639e+01 

1.000000000000000e+02 1.148682329720932e+01 

1.000000000000000e+02 1.151762499899091e+01 

1.000000000000000e+02 1.117511044448882e+01 

1.000000000000000e+02 1.139189810562667e+01 

1.000000000000000e+02 1.145971582556066e+01 

1.000000000000000e+02 1.093161076091116e+01 

1.000000000000000e+02 1.123275366580376e+01 

1.000000000000000e+02 1.174772391356630e+01 

1.000000000000000e+02 1.129255279723076e+01 

1.000000000000000e+02 1.078386403213749e+01 

1.000000000000000e+02 1.112062767912896e+01 

1.000000000000000e+02 1.131361462199980e+01 

1.000000000000000e+02 1.187863317131985e+01 

1.000000000000000e+02 1.128354507051883e+01 

1.000000000000000e+02 1.112336437180957e+01 

1.000000000000000e+02 1.199136796820843e+01 

1.000000000000000e+02 1.128805270398950e+01 

1.000000000000000e+02 1.135187499633856e+01 

1.000000000000000e+02 1.145465683332471e+01 

1.000000000000000e+02 1.147002065896660e+01 

1.000000000000000e+02 1.068997893019736e+01 

1.000000000000000e+02 1.123273611051497e+01 

1.000000000000000e+02 1.152815132590805e+01 

1.000000000000000e+02 1.138994728499175e+01 

1.000000000000000e+02 1.095343056415960e+01 

1.000000000000000e+02 1.095261907277134e+01 

1.000000000000000e+02 1.126983771870158e+01 

1.000000000000000e+02 1.207254606439205e+01 

1.000000000000000e+02 1.131690929066842e+01 

1.000000000000000e+02 1.072063064503201e+01 

1.000000000000000e+02 1.141463375732268e+01 

1.000000000000000e+02 1.096345280847774e+01 

1.000000000000000e+02 1.119555220283435e+01 

1.000000000000000e+02 1.138956286835158e+01 

1.000000000000000e+02 1.160321978127454e+01 

1.000000000000000e+02 1.113650397811320e+01 

1.000000000000000e+02 1.126026822736150e+01 

1.000000000000000e+02 1.168785992863379e+01 

1.000000000000000e+02 1.151350476939993e+01 

1.000000000000000e+02 1.113728606804101e+01 

1.000000000000000e+02 1.183348265237825e+01 

1.000000000000000e+02 1.125817223264941e+01 

1.000000000000000e+02 1.125766762215651e+01 

1.000000000000000e+02 1.144082616393646e+01 

1.000000000000000e+02 1.180427210958692e+01 

1.000000000000000e+02 1.169530348625374e+01 

1.000000000000000e+02 1.132384989378817e+01 

1.000000000000000e+02 1.164318014681180e+01 

1.000000000000000e+02 1.127803684452266e+01 

1.000000000000000e+02 1.092062330004618e+01 

1.000000000000000e+02 1.157009350784166e+01 

1.000000000000000e+02 1.172615625665726e+01 

1.000000000000000e+02 1.155544550907759e+01 

1.000000000000000e+02 1.181236100613838e+01 

1.000000000000000e+02 1.145997746757469e+01 

1.000000000000000e+02 1.175666949405787e+01 

1.000000000000000e+02 1.184452223247958e+01 

1.000000000000000e+02 1.150969174880229e+01 

1.000000000000000e+02 1.143266567493567e+01 

1.000000000000000e+02 1.158619118438451e+01 

1.000000000000000e+02 1.146819367269147e+01 

1.000000000000000e+02 1.115866072348341e+01 

1.000000000000000e+02 1.101786327486252e+01 

1.000000000000000e+02 1.114618751406697e+01 

1.000000000000000e+02 1.080966170309241e+01 

1.000000000000000e+02 1.114230769923797e+01 

1.000000000000000e+02 1.089261262774928e+01 

1.000000000000000e+02 1.212085342364433e+01 

1.000000000000000e+02 1.154143362497519e+01 

1.000000000000000e+02 1.142771399382764e+01 

1.000000000000000e+02 1.065003449855368e+01 

1.000000000000000e+02 1.205413445323870e+01 

1.000000000000000e+02 1.113661894971342e+01 

1.000000000000000e+02 1.070699818209216e+01 

1.000000000000000e+02 1.179155263932745e+01 

1.000000000000000e+02 1.199982800102358e+01 

1.000000000000000e+02 1.166506055463497e+01 

1.000000000000000e+02 1.202294529539830e+01 

1.000000000000000e+02 1.224056799885659e+01 

1.000000000000000e+02 1.142005208797199e+01 

1.000000000000000e+02 1.206142990778475e+01 

1.000000000000000e+02 1.182291590300357e+01 

1.000000000000000e+02 1.220592233583636e+01 

1.000000000000000e+02 1.166769407723104e+01 

1.000000000000000e+02 1.129714492611320e+01 

1.000000000000000e+02 1.188999032619497e+01 

1.000000000000000e+02 1.191181584350749e+01 

1.000000000000000e+02 1.177527049649546e+01 

1.000000000000000e+02 1.177966352678684e+01 

1.000000000000000e+02 1.197933545516097e+01 

1.000000000000000e+02 1.063348144565344e+01 

1.000000000000000e+02 1.119846067267997e+01 

1.000000000000000e+02 1.161028696905154e+01 

1.000000000000000e+02 1.168184058259937e+01 

1.000000000000000e+02 1.110121599984236e+01 

1.000000000000000e+02 1.161828642136158e+01 

1.000000000000000e+02 1.154064496525332e+01 

1.000000000000000e+02 1.075084346264566e+01 

1.000000000000000e+02 1.299052104678825e+01 

1.000000000000000e+02 1.139149087279973e+01 

1.000000000000000e+02 1.210916009492640e+01 

1.000000000000000e+02 1.163766626369186e+01 

1.000000000000000e+02 1.113610200391914e+01 

1.000000000000000e+02 1.099016376816109e+01 

1.000000000000000e+02 1.123886926896143e+01 

1.000000000000000e+02 1.112097442056386e+01 

1.000000000000000e+02 1.180124351420871e+01 

1.000000000000000e+02 1.098145137230213e+01 

1.000000000000000e+02 1.191731747627157e+01 

1.000000000000000e+02 1.148084234815532e+01 

1.000000000000000e+02 1.047930154894853e+01 

1.000000000000000e+02 1.131307671061241e+01 

1.000000000000000e+02 1.223040204595965e+01 

1.000000000000000e+02 1.192806908488378e+01 

1.000000000000000e+02 1.119652571860744e+01 

1.000000000000000e+02 1.115563833475261e+01 

1.000000000000000e+02 1.100774291741634e+01 

1.000000000000000e+02 1.139712910753087e+01 

1.000000000000000e+02 1.236327000141098e+01 

1.000000000000000e+02 1.201451910313622e+01 

1.000000000000000e+02 1.130711647243113e+01 

1.000000000000000e+02 1.143602394834084e+01 

1.000000000000000e+02 1.223470689613234e+01 

1.000000000000000e+02 1.245095589230995e+01 

1.000000000000000e+02 1.155412500228730e+01 

1.000000000000000e+02 1.245804044078539e+01 

1.000000000000000e+02 1.106303103978459e+01 

1.000000000000000e+02 1.148379894296446e+01 

1.000000000000000e+02 1.141327567487087e+01 

1.000000000000000e+02 1.183073566487463e+01 

1.000000000000000e+02 1.134676069094187e+01 

1.000000000000000e+02 1.159681943478256e+01 

1.000000000000000e+02 1.178078610963270e+01 

1.000000000000000e+02 1.150565140768124e+01 

1.000000000000000e+02 1.138276492125767e+01 

1.000000000000000e+02 1.238384373620947e+01 

1.000000000000000e+02 1.143303864544199e+01 

1.000000000000000e+02 1.133984448604890e+01 

1.000000000000000e+02 1.170930633788559e+01 

1.000000000000000e+02 1.168881820141819e+01 

1.000000000000000e+02 1.157627888532334e+01 

1.000000000000000e+02 1.092108290908246e+01 

1.000000000000000e+02 1.133873944131654e+01 

1.000000000000000e+02 1.138988525654042e+01 

1.000000000000000e+02 1.097458376824730e+01 

1.000000000000000e+02 1.085514499148012e+01 

1.000000000000000e+02 1.118911029954085e+01 

1.000000000000000e+02 1.124794650544028e+01 

1.000000000000000e+02 1.183860582045590e+01 

1.000000000000000e+02 1.137000162729432e+01 

1.000000000000000e+02 1.163064729289544e+01 

1.000000000000000e+02 1.138605415340522e+01 

1.000000000000000e+02 1.151386660404137e+01 

1.000000000000000e+02 1.182498557496393e+01 

1.000000000000000e+02 1.114609520389345e+01 

1.000000000000000e+02 1.095113120280007e+01 

1.000000000000000e+02 1.133635133822628e+01 

1.000000000000000e+02 1.119789390924238e+01 

1.000000000000000e+02 1.160157445335823e+01 

1.000000000000000e+02 1.186041515634293e+01 

1.000000000000000e+02 1.146213877352563e+01 

1.000000000000000e+02 1.117293020910953e+01 

1.000000000000000e+02 1.195516132241020e+01 

1.000000000000000e+02 1.065879218727350e+01 

1.000000000000000e+02 1.269459004209686e+01 

1.000000000000000e+02 1.070047794603783e+01 

1.000000000000000e+02 1.117457053547250e+01 

1.000000000000000e+02 1.141768055565620e+01 

1.000000000000000e+02 1.134050465351799e+01 

1.000000000000000e+02 1.130069321985451e+01 

1.000000000000000e+02 1.105206140666668e+01 

1.000000000000000e+02 1.236164827583759e+01 

1.000000000000000e+02 1.091090725122359e+01 

1.000000000000000e+02 1.122582575263368e+01 

1.000000000000000e+02 1.123214735969037e+01 

1.000000000000000e+02 1.159895908940758e+01 

1.000000000000000e+02 1.158152911916525e+01 

1.000000000000000e+02 1.130837503002833e+01 

1.000000000000000e+02 1.072392655157755e+01 

1.000000000000000e+02 1.128200707739222e+01 

1.000000000000000e+02 1.217401402458995e+01 

1.000000000000000e+02 1.078210651916517e+01 

1.000000000000000e+02 1.214283980331028e+01 

1.000000000000000e+02 1.241103668575494e+01 

1.000000000000000e+02 1.165396351975363e+01 

1.000000000000000e+02 1.217470312583955e+01 

1.000000000000000e+02 1.130335137047693e+01 

1.000000000000000e+02 1.085726076944717e+01 

1.000000000000000e+02 1.097977883617140e+01 

1.000000000000000e+02 1.131208619742290e+01 

1.000000000000000e+02 1.188586152359357e+01 

1.000000000000000e+02 1.133597859122715e+01 

1.000000000000000e+02 1.151864309412845e+01 

1.000000000000000e+02 1.241857093927113e+01 

1.000000000000000e+02 1.158417636001783e+01 

1.000000000000000e+02 1.138252855092325e+01 

1.000000000000000e+02 1.143591667666843e+01 

1.000000000000000e+02 1.098329424255227e+01 
