
1.000000000000000e+02 1.067423681835892e+01 

1.000000000000000e+02 1.086255060774736e+01 

1.000000000000000e+02 1.086545834938471e+01 

1.000000000000000e+02 1.057490077000368e+01 

1.000000000000000e+02 1.186728929313973e+01 

1.000000000000000e+02 1.148392133000066e+01 

1.000000000000000e+02 1.125345393828726e+01 

1.000000000000000e+02 1.052040144904065e+01 

1.000000000000000e+02 1.076225998640159e+01 

1.000000000000000e+02 1.039261346597093e+01 

1.000000000000000e+02 1.136867080932855e+01 

1.000000000000000e+02 1.129081943299990e+01 

1.000000000000000e+02 -nan 

1.000000000000000e+02 1.171467045517161e+01 

1.000000000000000e+02 1.112262156497981e+01 

1.000000000000000e+02 1.135626531149359e+01 

1.000000000000000e+02 1.155501460664152e+01 

1.000000000000000e+02 1.104400352802155e+01 

1.000000000000000e+02 1.165131981630590e+01 

1.000000000000000e+02 1.080746800964435e+01 

1.000000000000000e+02 1.123131282425413e+01 

1.000000000000000e+02 1.084301724927420e+01 

1.000000000000000e+02 1.282875083800577e+01 

1.000000000000000e+02 1.090930231816014e+01 

1.000000000000000e+02 1.153885290581040e+01 

1.000000000000000e+02 1.137615875295695e+01 

1.000000000000000e+02 1.173605000330994e+01 

1.000000000000000e+02 1.129207969942631e+01 

1.000000000000000e+02 1.136093486845551e+01 

1.000000000000000e+02 1.155526079148607e+01 

1.000000000000000e+02 1.094268185982971e+01 

1.000000000000000e+02 1.153327592698348e+01 

1.000000000000000e+02 1.105393038825717e+01 

1.000000000000000e+02 -nan 

1.000000000000000e+02 1.160004162788549e+01 

1.000000000000000e+02 1.151887082007529e+01 

1.000000000000000e+02 1.113414237207966e+01 

1.000000000000000e+02 1.143067085943686e+01 

1.000000000000000e+02 1.114978126436858e+01 

1.000000000000000e+02 1.201449789257420e+01 

1.000000000000000e+02 1.186085840286329e+01 

1.000000000000000e+02 1.173512289777167e+01 

1.000000000000000e+02 1.205944318121357e+01 

1.000000000000000e+02 1.207362508773804e+01 

1.000000000000000e+02 1.108219501946716e+01 

1.000000000000000e+02 1.116421837134449e+01 

1.000000000000000e+02 1.151937633800654e+01 

1.000000000000000e+02 1.181552929035127e+01 

1.000000000000000e+02 1.124788804261578e+01 

1.000000000000000e+02 1.107476203737252e+01 

1.000000000000000e+02 1.126631799528630e+01 

1.000000000000000e+02 1.131583275362530e+01 

1.000000000000000e+02 1.234672080675649e+01 

1.000000000000000e+02 1.133534715392356e+01 

1.000000000000000e+02 1.159917006289485e+01 

1.000000000000000e+02 1.125086644969667e+01 

1.000000000000000e+02 1.187199283086135e+01 

1.000000000000000e+02 1.131042852623571e+01 

1.000000000000000e+02 1.220708333351471e+01 

1.000000000000000e+02 -nan 

1.000000000000000e+02 -nan 

1.000000000000000e+02 1.190715904959705e+01 

1.000000000000000e+02 1.149423089705652e+01 

1.000000000000000e+02 1.086928872155426e+01 

1.000000000000000e+02 1.173005521024159e+01 

1.000000000000000e+02 1.102580977943921e+01 

1.000000000000000e+02 1.119010735791882e+01 

1.000000000000000e+02 1.137307985933214e+01 

1.000000000000000e+02 1.147390350961047e+01 

1.000000000000000e+02 1.178250735336013e+01 

1.000000000000000e+02 1.130361093269000e+01 

1.000000000000000e+02 1.106993847823901e+01 

1.000000000000000e+02 1.169536475340219e+01 

1.000000000000000e+02 1.180074989795685e+01 

1.000000000000000e+02 1.182362508773804e+01 

1.000000000000000e+02 1.171294527741892e+01 

1.000000000000000e+02 1.152521295385532e+01 

1.000000000000000e+02 1.151801561564358e+01 

1.000000000000000e+02 1.135830976133652e+01 

1.000000000000000e+02 1.153054821661547e+01 

1.000000000000000e+02 1.184320802754115e+01 

1.000000000000000e+02 1.083174960100037e+01 

1.000000000000000e+02 1.118942540554554e+01 

1.000000000000000e+02 1.180991644124319e+01 

1.000000000000000e+02 1.053243012055581e+01 

1.000000000000000e+02 1.212376506285663e+01 

1.000000000000000e+02 1.147891834725939e+01 

1.000000000000000e+02 1.117247081720300e+01 

1.000000000000000e+02 1.135547923165237e+01 

1.000000000000000e+02 1.171028297005771e+01 

1.000000000000000e+02 1.098400008678436e+01 

1.000000000000000e+02 -nan 

1.000000000000000e+02 1.097171734313472e+01 

1.000000000000000e+02 1.153865735615372e+01 

1.000000000000000e+02 1.206725530259991e+01 

1.000000000000000e+02 1.153111330885250e+01 

1.000000000000000e+02 -nan 

1.000000000000000e+02 1.137459820603677e+01 

1.000000000000000e+02 1.160824284085733e+01 

1.000000000000000e+02 1.188825391419290e+01 

1.000000000000000e+02 1.091969667037368e+01 

1.000000000000000e+02 1.149014857195332e+01 

1.000000000000000e+02 -nan 

1.000000000000000e+02 1.156380861066359e+01 

1.000000000000000e+02 1.196312372082313e+01 

1.000000000000000e+02 1.089528622445900e+01 

1.000000000000000e+02 1.168159239707017e+01 

1.000000000000000e+02 1.078048683468123e+01 

1.000000000000000e+02 1.137487593849274e+01 

1.000000000000000e+02 1.044689698958915e+01 

1.000000000000000e+02 1.143428384678386e+01 

1.000000000000000e+02 1.114419460204405e+01 

1.000000000000000e+02 1.121493744850293e+01 

1.000000000000000e+02 1.173251070635874e+01 

1.000000000000000e+02 1.093137825783668e+01 

1.000000000000000e+02 1.240539169310878e+01 

1.000000000000000e+02 1.169789758843660e+01 

1.000000000000000e+02 1.128963169111306e+01 

1.000000000000000e+02 1.164966168805403e+01 

1.000000000000000e+02 1.177563117957354e+01 

1.000000000000000e+02 1.184195372020961e+01 

1.000000000000000e+02 -nan 

1.000000000000000e+02 1.244969642161844e+01 

1.000000000000000e+02 1.196509587595216e+01 

1.000000000000000e+02 1.106096963626478e+01 

1.000000000000000e+02 1.095782289902069e+01 

1.000000000000000e+02 1.108884376289995e+01 

1.000000000000000e+02 1.116032169299095e+01 

1.000000000000000e+02 1.125305178863680e+01 

1.000000000000000e+02 1.135806490939506e+01 

1.000000000000000e+02 1.094662499899746e+01 

1.000000000000000e+02 1.154601420893212e+01 

1.000000000000000e+02 1.183588749681077e+01 

1.000000000000000e+02 1.132965393249908e+01 

1.000000000000000e+02 1.105102809895561e+01 

1.000000000000000e+02 1.133585329291360e+01 

1.000000000000000e+02 1.085648828465523e+01 

1.000000000000000e+02 1.184580927411234e+01 

1.000000000000000e+02 1.126933661345444e+01 

1.000000000000000e+02 1.181569189489509e+01 

1.000000000000000e+02 1.129521876821777e+01 

1.000000000000000e+02 1.127587491273880e+01 

1.000000000000000e+02 1.158845007522292e+01 

1.000000000000000e+02 1.161324214393554e+01 

1.000000000000000e+02 1.130841870001859e+01 

1.000000000000000e+02 1.256336718555711e+01 

1.000000000000000e+02 1.119278455985246e+01 

1.000000000000000e+02 1.065009443230384e+01 

1.000000000000000e+02 1.052268164749533e+01 

1.000000000000000e+02 1.003143754600201e+01 

1.000000000000000e+02 1.140032811959783e+01 

1.000000000000000e+02 1.118157991437223e+01 

1.000000000000000e+02 1.130692684010684e+01 

1.000000000000000e+02 1.112793667104654e+01 

1.000000000000000e+02 -nan 

1.000000000000000e+02 1.115044413265469e+01 

1.000000000000000e+02 1.115211389948803e+01 

1.000000000000000e+02 1.128318563831420e+01 

1.000000000000000e+02 1.111461906048322e+01 

1.000000000000000e+02 1.127992199874064e+01 

1.000000000000000e+02 1.062966664632139e+01 

1.000000000000000e+02 1.117206245660442e+01 

1.000000000000000e+02 1.132026275768177e+01 

1.000000000000000e+02 1.119650837819810e+01 

1.000000000000000e+02 1.154355577791801e+01 

1.000000000000000e+02 -nan 

1.000000000000000e+02 1.233472220103501e+01 

1.000000000000000e+02 1.157428594343447e+01 

1.000000000000000e+02 1.142094630532735e+01 

1.000000000000000e+02 -nan 

1.000000000000000e+02 1.199685938656815e+01 

1.000000000000000e+02 1.134478810746965e+01 

1.000000000000000e+02 1.220765537361496e+01 

1.000000000000000e+02 1.115537262476777e+01 

1.000000000000000e+02 1.100834658371262e+01 

1.000000000000000e+02 1.199645831848495e+01 

1.000000000000000e+02 1.203172053567054e+01 

1.000000000000000e+02 1.116184490978905e+01 

1.000000000000000e+02 1.100200898973402e+01 

1.000000000000000e+02 1.089915846808476e+01 

1.000000000000000e+02 1.099837496545385e+01 

1.000000000000000e+02 1.089474999691925e+01 

1.000000000000000e+02 1.108975864293636e+01 

1.000000000000000e+02 1.102514180349034e+01 

1.000000000000000e+02 1.161594318404500e+01 

1.000000000000000e+02 1.079767627899685e+01 

1.000000000000000e+02 1.119837759161768e+01 

1.000000000000000e+02 1.173664542830850e+01 

1.000000000000000e+02 1.156635718685672e+01 

1.000000000000000e+02 1.143893749047588e+01 

1.000000000000000e+02 1.098923684274923e+01 

1.000000000000000e+02 1.107579623223731e+01 

1.000000000000000e+02 -nan 

1.000000000000000e+02 1.220442280173133e+01 

1.000000000000000e+02 1.132195288368643e+01 

1.000000000000000e+02 1.183225736109767e+01 

1.000000000000000e+02 1.154397024426855e+01 

1.000000000000000e+02 1.194697371555114e+01 

1.000000000000000e+02 1.090951975311049e+01 

1.000000000000000e+02 1.070885936171418e+01 

1.000000000000000e+02 1.077845033472508e+01 

1.000000000000000e+02 1.109187450614868e+01 

1.000000000000000e+02 1.080478281472443e+01 

1.000000000000000e+02 1.159891166806148e+01 

1.000000000000000e+02 1.081735182249980e+01 

1.000000000000000e+02 1.120272106225958e+01 

1.000000000000000e+02 1.138214284181652e+01 

1.000000000000000e+02 -nan 

1.000000000000000e+02 1.203167959632619e+01 

1.000000000000000e+02 1.166229752883786e+01 

1.000000000000000e+02 1.105708695754316e+01 

1.000000000000000e+02 -nan 

1.000000000000000e+02 1.138148338161300e+01 

1.000000000000000e+02 1.093100863780508e+01 

1.000000000000000e+02 1.129934730516062e+01 

1.000000000000000e+02 1.168842856373045e+01 

1.000000000000000e+02 1.119742999101426e+01 

1.000000000000000e+02 1.131547996525584e+01 

1.000000000000000e+02 1.117100361274039e+01 

1.000000000000000e+02 1.224012502432296e+01 

1.000000000000000e+02 -nan 

1.000000000000000e+02 1.168546410126439e+01 

1.000000000000000e+02 1.118444421698615e+01 

1.000000000000000e+02 1.120912908824080e+01 

1.000000000000000e+02 1.152647729353774e+01 

1.000000000000000e+02 1.218909037435011e+01 

1.000000000000000e+02 1.105348190803359e+01 

1.000000000000000e+02 1.143390060940625e+01 

1.000000000000000e+02 1.149024999141642e+01 

1.000000000000000e+02 1.093501181647426e+01 

1.000000000000000e+02 1.150315499544125e+01 

1.000000000000000e+02 1.319324051792049e+01 

1.000000000000000e+02 1.124208096651642e+01 

1.000000000000000e+02 1.221514737182764e+01 

1.000000000000000e+02 1.108740735054125e+01 

1.000000000000000e+02 1.126383784010399e+01 

1.000000000000000e+02 1.159015829898680e+01 

1.000000000000000e+02 1.168836016271448e+01 

1.000000000000000e+02 1.214281249046014e+01 

1.000000000000000e+02 1.122296900033952e+01 

1.000000000000000e+02 1.027607994196736e+01 

1.000000000000000e+02 1.124530741523636e+01 

1.000000000000000e+02 1.128158707367681e+01 

1.000000000000000e+02 1.099125025880676e+01 

1.000000000000000e+02 1.172611683977134e+01 

1.000000000000000e+02 1.190994409981541e+01 

1.000000000000000e+02 1.252802311712088e+01 

1.000000000000000e+02 1.099098380444534e+01 

1.000000000000000e+02 1.086032784704786e+01 

1.000000000000000e+02 1.171385175374023e+01 

1.000000000000000e+02 1.138800895639734e+01 

1.000000000000000e+02 1.098322185724617e+01 

1.000000000000000e+02 1.193280672843372e+01 

1.000000000000000e+02 1.137307291229327e+01 

1.000000000000000e+02 1.019899988174438e+01 

1.000000000000000e+02 1.135839640303746e+01 

1.000000000000000e+02 1.103259454604660e+01 

1.000000000000000e+02 1.173323083126084e+01 

1.000000000000000e+02 1.130130992503393e+01 

1.000000000000000e+02 1.112253746985559e+01 

1.000000000000000e+02 -nan 

1.000000000000000e+02 1.165583892145714e+01 

1.000000000000000e+02 1.150347635325149e+01 

1.000000000000000e+02 1.136765742743370e+01 
