
1.000000000000000e+02 1.139134628062833e+01 

1.000000000000000e+02 1.047318748962489e+01 

1.000000000000000e+02 1.084278826050554e+01 

1.000000000000000e+02 1.031168370626216e+01 

1.000000000000000e+02 1.137700295428211e+01 

1.000000000000000e+02 1.195103722599819e+01 

1.000000000000000e+02 1.163979880246322e+01 

1.000000000000000e+02 1.143159414035020e+01 

1.000000000000000e+02 1.161492727874800e+01 

1.000000000000000e+02 1.136165144486095e+01 

1.000000000000000e+02 1.124625621568532e+01 

1.000000000000000e+02 1.193435898199523e+01 

1.000000000000000e+02 1.107961820259560e+01 

1.000000000000000e+02 1.130985082442976e+01 

1.000000000000000e+02 1.232177912647606e+01 

1.000000000000000e+02 1.137743634591306e+01 

1.000000000000000e+02 1.100494102754906e+01 

1.000000000000000e+02 1.120846057121581e+01 

1.000000000000000e+02 1.041140143802305e+01 

1.000000000000000e+02 1.150003712148398e+01 

1.000000000000000e+02 1.122506572460389e+01 

1.000000000000000e+02 1.204476009261116e+01 

1.000000000000000e+02 1.055276744753938e+01 

1.000000000000000e+02 1.190171020988018e+01 

1.000000000000000e+02 1.124815459941672e+01 

1.000000000000000e+02 1.143132968202552e+01 

1.000000000000000e+02 1.152543199106179e+01 

1.000000000000000e+02 1.121836329602704e+01 

1.000000000000000e+02 1.139995709160332e+01 

1.000000000000000e+02 1.020074833544176e+01 

1.000000000000000e+02 1.150197550829458e+01 

1.000000000000000e+02 1.106926996330450e+01 

1.000000000000000e+02 1.240951576553678e+01 

1.000000000000000e+02 1.118362203267048e+01 

1.000000000000000e+02 1.202449757613137e+01 

1.000000000000000e+02 1.131927196618812e+01 

1.000000000000000e+02 1.115759228188159e+01 

1.000000000000000e+02 1.278168641750599e+01 

1.000000000000000e+02 1.159837499313683e+01 

1.000000000000000e+02 1.280029990386808e+01 

1.000000000000000e+02 1.132685249209208e+01 

1.000000000000000e+02 1.097632221463436e+01 

1.000000000000000e+02 1.086158563122780e+01 

1.000000000000000e+02 1.125247151131044e+01 

1.000000000000000e+02 1.102455682212577e+01 

1.000000000000000e+02 1.167594636990798e+01 

1.000000000000000e+02 1.040210896883772e+01 

1.000000000000000e+02 1.138813462135320e+01 

1.000000000000000e+02 1.110246036692364e+01 

1.000000000000000e+02 1.220074576742577e+01 

1.000000000000000e+02 1.200203010771482e+01 

1.000000000000000e+02 1.178229937288810e+01 

1.000000000000000e+02 1.141179923731193e+01 

1.000000000000000e+02 1.159740177506740e+01 

1.000000000000000e+02 1.127113575892908e+01 

1.000000000000000e+02 1.145195511538371e+01 

1.000000000000000e+02 1.109112682624045e+01 

1.000000000000000e+02 1.028036505390386e+01 

1.000000000000000e+02 1.121194667169703e+01 

1.000000000000000e+02 1.180391307445624e+01 

1.000000000000000e+02 1.164876868944808e+01 

1.000000000000000e+02 1.162143195430085e+01 

1.000000000000000e+02 1.170517362015515e+01 

1.000000000000000e+02 1.155841623119932e+01 

1.000000000000000e+02 1.198792306421105e+01 

1.000000000000000e+02 1.137709616104454e+01 

1.000000000000000e+02 1.151930630297529e+01 

1.000000000000000e+02 1.118058563824138e+01 

1.000000000000000e+02 1.035648871296493e+01 

1.000000000000000e+02 1.044682893366200e+01 

1.000000000000000e+02 1.219081472712451e+01 

1.000000000000000e+02 1.104026821504262e+01 

1.000000000000000e+02 1.148180223756908e+01 

1.000000000000000e+02 1.172469192189458e+01 

1.000000000000000e+02 1.137260029451589e+01 

1.000000000000000e+02 1.200842428837716e+01 

1.000000000000000e+02 1.146825230615618e+01 

1.000000000000000e+02 1.139963552701002e+01 

1.000000000000000e+02 1.253099913110393e+01 

1.000000000000000e+02 1.114720299053347e+01 

1.000000000000000e+02 1.254595951803509e+01 

1.000000000000000e+02 1.091400317357617e+01 

1.000000000000000e+02 1.128316488777457e+01 

1.000000000000000e+02 1.153057943048323e+01 

1.000000000000000e+02 1.108646004933625e+01 

1.000000000000000e+02 1.172245403682256e+01 

1.000000000000000e+02 1.095008380907972e+01 

1.000000000000000e+02 1.202765140151594e+01 

1.000000000000000e+02 1.172747881533892e+01 

1.000000000000000e+02 1.126723190292619e+01 

1.000000000000000e+02 1.183984587398325e+01 

1.000000000000000e+02 1.175253325502620e+01 

1.000000000000000e+02 1.258433876539983e+01 

1.000000000000000e+02 1.104249540517726e+01 

1.000000000000000e+02 1.141204731904259e+01 

1.000000000000000e+02 1.123281103428859e+01 

1.000000000000000e+02 1.166631989366178e+01 

1.000000000000000e+02 1.125215417002360e+01 

1.000000000000000e+02 1.174274029393706e+01 

1.000000000000000e+02 1.123376630959421e+01 

1.000000000000000e+02 1.058073899675251e+01 

1.000000000000000e+02 1.101052714358630e+01 

1.000000000000000e+02 1.113181249398039e+01 

1.000000000000000e+02 1.125287916660249e+01 

1.000000000000000e+02 1.217049106423570e+01 

1.000000000000000e+02 1.140672807107728e+01 

1.000000000000000e+02 1.138364068990192e+01 

1.000000000000000e+02 1.104668374449543e+01 

1.000000000000000e+02 1.105080856661669e+01 

1.000000000000000e+02 1.134746519561031e+01 

1.000000000000000e+02 1.054954504758903e+01 

1.000000000000000e+02 1.121288280561768e+01 

1.000000000000000e+02 1.206007655461531e+01 

1.000000000000000e+02 1.175601170684907e+01 

1.000000000000000e+02 1.192039962609946e+01 

1.000000000000000e+02 1.110722500324403e+01 

1.000000000000000e+02 1.031156251619381e+01 

1.000000000000000e+02 1.139381601675242e+01 

1.000000000000000e+02 1.058882254188209e+01 

1.000000000000000e+02 1.186091400587790e+01 

1.000000000000000e+02 1.107433499656738e+01 

1.000000000000000e+02 1.228101249337632e+01 

1.000000000000000e+02 1.138448941455135e+01 

1.000000000000000e+02 1.093639138647441e+01 

1.000000000000000e+02 1.134955825878243e+01 

1.000000000000000e+02 1.048004672515832e+01 

1.000000000000000e+02 1.115353847485289e+01 

1.000000000000000e+02 1.156025446206550e+01 

1.000000000000000e+02 1.170306284313057e+01 

1.000000000000000e+02 1.119702757698836e+01 

1.000000000000000e+02 1.078674714673578e+01 

1.000000000000000e+02 1.128847754123003e+01 

1.000000000000000e+02 1.262299456803429e+01 

1.000000000000000e+02 1.073108316585417e+01 

1.000000000000000e+02 1.197054444302607e+01 

1.000000000000000e+02 1.170421469649430e+01 

1.000000000000000e+02 1.120520000457376e+01 

1.000000000000000e+02 1.085871990140663e+01 

1.000000000000000e+02 1.044334908374650e+01 

1.000000000000000e+02 1.132214834674665e+01 

1.000000000000000e+02 1.123886503120825e+01 

1.000000000000000e+02 1.093828457456279e+01 

1.000000000000000e+02 1.169354410612715e+01 

1.000000000000000e+02 1.112495688939746e+01 

1.000000000000000e+02 1.150387624621675e+01 

1.000000000000000e+02 1.167467618751535e+01 

1.000000000000000e+02 1.170790952052852e+01 

1.000000000000000e+02 1.002030834952322e+01 

1.000000000000000e+02 1.218178936930914e+01 

1.000000000000000e+02 1.085643857044206e+01 

1.000000000000000e+02 1.231361386833334e+01 

1.000000000000000e+02 1.216030888872653e+01 

1.000000000000000e+02 1.194983377988219e+01 

1.000000000000000e+02 1.121283537930028e+01 

1.000000000000000e+02 1.218512043648012e+01 

1.000000000000000e+02 1.172344041316689e+01 

1.000000000000000e+02 1.178446958838370e+01 

1.000000000000000e+02 1.125956610290913e+01 

1.000000000000000e+02 1.106003458955731e+01 

1.000000000000000e+02 1.055964376926940e+01 

1.000000000000000e+02 1.040997998794575e+01 

1.000000000000000e+02 1.100674585905219e+01 

1.000000000000000e+02 1.181246974741628e+01 

1.000000000000000e+02 1.151192426724873e+01 

1.000000000000000e+02 1.113825311810451e+01 

1.000000000000000e+02 1.238655654826113e+01 

1.000000000000000e+02 1.073472835237660e+01 

1.000000000000000e+02 1.109650000234477e+01 

1.000000000000000e+02 1.074826594933573e+01 

1.000000000000000e+02 1.132401774276118e+01 

1.000000000000000e+02 1.145419289632423e+01 

1.000000000000000e+02 1.175457343389270e+01 

1.000000000000000e+02 1.138687345790322e+01 

1.000000000000000e+02 1.159555570142662e+01 

1.000000000000000e+02 1.230575395384402e+01 

1.000000000000000e+02 1.094332183949115e+01 

1.000000000000000e+02 1.241795584033097e+01 

1.000000000000000e+02 1.125639324724111e+01 

1.000000000000000e+02 1.138198108221930e+01 

1.000000000000000e+02 1.127876874251340e+01 

1.000000000000000e+02 1.129931935558800e+01 

1.000000000000000e+02 1.208327720474596e+01 

1.000000000000000e+02 1.162274805890197e+01 

1.000000000000000e+02 1.187616113429869e+01 

1.000000000000000e+02 1.261036373903199e+01 

1.000000000000000e+02 1.105242178259966e+01 

1.000000000000000e+02 1.111022703946192e+01 

1.000000000000000e+02 1.091991360047505e+01 

1.000000000000000e+02 1.159829623024322e+01 

1.000000000000000e+02 1.143651956319936e+01 

1.000000000000000e+02 1.128601870430204e+01 

1.000000000000000e+02 1.027905492191939e+01 

1.000000000000000e+02 1.205275255319222e+01 

1.000000000000000e+02 1.108046803795442e+01 

1.000000000000000e+02 1.220495994885104e+01 

1.000000000000000e+02 1.109044922267528e+01 

1.000000000000000e+02 1.129282216118945e+01 

1.000000000000000e+02 1.113289892056389e+01 

1.000000000000000e+02 1.128291025783152e+01 

1.000000000000000e+02 1.141470139461845e+01 

1.000000000000000e+02 1.071648630050620e+01 

1.000000000000000e+02 1.109666624650627e+01 

1.000000000000000e+02 1.121601523511867e+01 

1.000000000000000e+02 1.140392726609460e+01 

1.000000000000000e+02 1.114376621118651e+01 

1.000000000000000e+02 1.068517049561213e+01 

1.000000000000000e+02 1.177381164488648e+01 

1.000000000000000e+02 1.135794262214557e+01 

1.000000000000000e+02 1.120767905341454e+01 

1.000000000000000e+02 1.120218151176539e+01 

1.000000000000000e+02 1.218708928994122e+01 

1.000000000000000e+02 1.151886623888650e+01 

1.000000000000000e+02 1.145668821841895e+01 

1.000000000000000e+02 1.096451083233661e+01 

1.000000000000000e+02 1.088765784142689e+01 

1.000000000000000e+02 1.107270480013599e+01 

1.000000000000000e+02 1.119039743924758e+01 

1.000000000000000e+02 1.069156334559222e+01 

1.000000000000000e+02 1.109472616145828e+01 

1.000000000000000e+02 1.051202404957716e+01 

1.000000000000000e+02 1.111061056148657e+01 

1.000000000000000e+02 1.108155796114931e+01 

1.000000000000000e+02 1.079796426636618e+01 

1.000000000000000e+02 1.247671741765702e+01 

1.000000000000000e+02 1.138355730856987e+01 

1.000000000000000e+02 1.227827554753526e+01 

1.000000000000000e+02 1.140899925960047e+01 

1.000000000000000e+02 1.130888030819148e+01 

1.000000000000000e+02 1.134207297724755e+01 

1.000000000000000e+02 1.092766318398237e+01 

1.000000000000000e+02 1.098740274766853e+01 

1.000000000000000e+02 1.253284167368444e+01 

1.000000000000000e+02 1.145056718252454e+01 

1.000000000000000e+02 1.158756276776260e+01 

1.000000000000000e+02 1.086716848655245e+01 

1.000000000000000e+02 1.155722382592378e+01 

1.000000000000000e+02 1.081080499649104e+01 

1.000000000000000e+02 1.053518451679631e+01 

1.000000000000000e+02 1.119616195170674e+01 

1.000000000000000e+02 1.240690185559655e+01 

1.000000000000000e+02 1.082545065618462e+01 

1.000000000000000e+02 1.128044177862582e+01 

1.000000000000000e+02 1.149178518840472e+01 

1.000000000000000e+02 1.131620550660827e+01 

1.000000000000000e+02 1.157511608961241e+01 

1.000000000000000e+02 1.157882776732970e+01 

1.000000000000000e+02 1.189842217552445e+01 

1.000000000000000e+02 1.227391458949202e+01 

1.000000000000000e+02 1.116926327948226e+01 

1.000000000000000e+02 1.138651069361897e+01 

1.000000000000000e+02 1.123648920600942e+01 

1.000000000000000e+02 1.076527075030359e+01 

1.000000000000000e+02 1.146889212278152e+01 

1.000000000000000e+02 1.130557811509190e+01 

1.000000000000000e+02 1.112379028728294e+01 

1.000000000000000e+02 1.146022297562655e+01 

1.000000000000000e+02 1.073678598349723e+01 

1.000000000000000e+02 1.102816754026323e+01 

1.000000000000000e+02 1.147550000614855e+01 

1.000000000000000e+02 1.087510714238784e+01 
