
1.000000000000000e+02 1.151570045169843e+01 

1.000000000000000e+02 1.123706266779327e+01 

1.000000000000000e+02 1.137773348992727e+01 

1.000000000000000e+02 1.089070293994881e+01 

1.000000000000000e+02 1.122499025642150e+01 

1.000000000000000e+02 1.063061843719475e+01 

1.000000000000000e+02 1.097026050115882e+01 

1.000000000000000e+02 1.121145654270867e+01 

1.000000000000000e+02 1.142998021633886e+01 

1.000000000000000e+02 1.226798612439723e+01 

1.000000000000000e+02 1.117878697885414e+01 

1.000000000000000e+02 1.164756361275784e+01 

1.000000000000000e+02 1.127973449491224e+01 

1.000000000000000e+02 1.155618641091258e+01 

1.000000000000000e+02 1.138322012679370e+01 

1.000000000000000e+02 1.167069178598053e+01 

1.000000000000000e+02 1.212215843922507e+01 

1.000000000000000e+02 1.121579576064474e+01 

1.000000000000000e+02 1.073270817478835e+01 

1.000000000000000e+02 1.178343958755251e+01 

1.000000000000000e+02 1.119497877227425e+01 

1.000000000000000e+02 1.199367019016267e+01 

1.000000000000000e+02 1.103196766749809e+01 

1.000000000000000e+02 1.103041920216517e+01 

1.000000000000000e+02 1.115420231868580e+01 

1.000000000000000e+02 1.181490740462113e+01 

1.000000000000000e+02 1.156778935311309e+01 

1.000000000000000e+02 1.176971973659089e+01 

1.000000000000000e+02 1.163219670292928e+01 

1.000000000000000e+02 1.110247156627398e+01 

1.000000000000000e+02 1.192220231890504e+01 

1.000000000000000e+02 1.149162274813885e+01 

1.000000000000000e+02 1.180739342421409e+01 

1.000000000000000e+02 1.127255128045444e+01 

1.000000000000000e+02 1.122409158669317e+01 

1.000000000000000e+02 1.124249381416457e+01 

1.000000000000000e+02 1.180596108003404e+01 

1.000000000000000e+02 1.046679663813755e+01 

1.000000000000000e+02 1.139282727865721e+01 

1.000000000000000e+02 1.140665875451787e+01 

1.000000000000000e+02 1.172339133502016e+01 

1.000000000000000e+02 1.133271796496319e+01 

1.000000000000000e+02 1.231466266005264e+01 

1.000000000000000e+02 1.109099958174120e+01 

1.000000000000000e+02 1.130120265965582e+01 

1.000000000000000e+02 1.119131429011109e+01 

1.000000000000000e+02 1.126091506027782e+01 

1.000000000000000e+02 1.118961986225856e+01 

1.000000000000000e+02 1.106128330831593e+01 

1.000000000000000e+02 1.066018104489646e+01 

1.000000000000000e+02 1.180441291255250e+01 

1.000000000000000e+02 1.092220910003752e+01 

1.000000000000000e+02 1.129211680009746e+01 

1.000000000000000e+02 1.181020339199674e+01 

1.000000000000000e+02 1.141735580507549e+01 

1.000000000000000e+02 1.149342835750576e+01 

1.000000000000000e+02 1.151597791790984e+01 

1.000000000000000e+02 1.184630429343428e+01 

1.000000000000000e+02 1.108766597806084e+01 

1.000000000000000e+02 1.151444396936226e+01 

1.000000000000000e+02 1.176266831631647e+01 

1.000000000000000e+02 1.152386313488102e+01 

1.000000000000000e+02 1.078502792878018e+01 

1.000000000000000e+02 1.158409844169703e+01 

1.000000000000000e+02 1.181880899683594e+01 

1.000000000000000e+02 1.197032594975091e+01 

1.000000000000000e+02 1.124283174329997e+01 

1.000000000000000e+02 1.131657050394071e+01 

1.000000000000000e+02 1.143691072131318e+01 

1.000000000000000e+02 1.113406010787227e+01 

1.000000000000000e+02 1.133264753320070e+01 

1.000000000000000e+02 1.148398752459518e+01 

1.000000000000000e+02 1.142314236252409e+01 

1.000000000000000e+02 1.151007168428548e+01 

1.000000000000000e+02 1.162127551154545e+01 

1.000000000000000e+02 1.129651822820311e+01 

1.000000000000000e+02 1.169072759136384e+01 

1.000000000000000e+02 1.113191483101783e+01 

1.000000000000000e+02 1.116848397647954e+01 

1.000000000000000e+02 1.154371771869710e+01 

1.000000000000000e+02 1.150879614525017e+01 

1.000000000000000e+02 1.062458824767834e+01 

1.000000000000000e+02 1.210327446409995e+01 

1.000000000000000e+02 1.083306034508766e+01 

1.000000000000000e+02 1.179473810096160e+01 

1.000000000000000e+02 1.115104620512303e+01 

1.000000000000000e+02 1.176423031717449e+01 

1.000000000000000e+02 1.115486895439718e+01 

1.000000000000000e+02 1.122425424580384e+01 

1.000000000000000e+02 1.108310983794825e+01 

1.000000000000000e+02 1.104081780304324e+01 

1.000000000000000e+02 1.152641016992091e+01 

1.000000000000000e+02 1.093273761877434e+01 

1.000000000000000e+02 1.127845168346211e+01 

1.000000000000000e+02 1.155436448449593e+01 

1.000000000000000e+02 1.215319778907402e+01 

1.000000000000000e+02 1.085963185135489e+01 

1.000000000000000e+02 1.097085795125445e+01 

1.000000000000000e+02 1.139078383228259e+01 

1.000000000000000e+02 1.158988601137084e+01 

1.000000000000000e+02 1.121202258277490e+01 

1.000000000000000e+02 1.118431272984555e+01 

1.000000000000000e+02 1.124672804267932e+01 

1.000000000000000e+02 1.161042677597873e+01 

1.000000000000000e+02 1.242830281425569e+01 

1.000000000000000e+02 1.133840489257886e+01 

1.000000000000000e+02 1.160853227898522e+01 

1.000000000000000e+02 1.137184034230498e+01 

1.000000000000000e+02 1.110773249566629e+01 

1.000000000000000e+02 1.242316062472259e+01 

1.000000000000000e+02 1.076994716199431e+01 

1.000000000000000e+02 1.149190570534351e+01 

1.000000000000000e+02 1.062612364573877e+01 

1.000000000000000e+02 1.166677837436296e+01 

1.000000000000000e+02 1.257967548284176e+01 

1.000000000000000e+02 1.104671050282876e+01 

1.000000000000000e+02 1.138601421924774e+01 

1.000000000000000e+02 1.162556382774965e+01 

1.000000000000000e+02 1.144598694655064e+01 

1.000000000000000e+02 1.170914116810340e+01 

1.000000000000000e+02 1.109771020956658e+01 

1.000000000000000e+02 1.183354346799488e+01 

1.000000000000000e+02 1.109454586910694e+01 

1.000000000000000e+02 1.116003828690833e+01 

1.000000000000000e+02 1.120398771380622e+01 

1.000000000000000e+02 1.225642613795729e+01 

1.000000000000000e+02 1.146631130387531e+01 

1.000000000000000e+02 1.162513379829824e+01 

1.000000000000000e+02 1.137827585955989e+01 

1.000000000000000e+02 1.172119707782518e+01 

1.000000000000000e+02 1.133081000788011e+01 

1.000000000000000e+02 1.236114799029566e+01 

1.000000000000000e+02 1.143096576830279e+01 

1.000000000000000e+02 1.182481329886196e+01 

1.000000000000000e+02 1.112737534052821e+01 

1.000000000000000e+02 1.140391076849729e+01 

1.000000000000000e+02 1.126698649461347e+01 

1.000000000000000e+02 1.135330343550298e+01 

1.000000000000000e+02 1.186802963466785e+01 

1.000000000000000e+02 1.091982831113691e+01 

1.000000000000000e+02 1.161297492854503e+01 

1.000000000000000e+02 1.116560990198513e+01 

1.000000000000000e+02 1.143491002506277e+01 

1.000000000000000e+02 1.182191277619332e+01 

1.000000000000000e+02 1.117079794243442e+01 

1.000000000000000e+02 1.086692849160985e+01 

1.000000000000000e+02 1.162156769574397e+01 

1.000000000000000e+02 1.113609562219813e+01 

1.000000000000000e+02 1.088510086476582e+01 

1.000000000000000e+02 1.190417216003068e+01 

1.000000000000000e+02 1.063087708478219e+01 

1.000000000000000e+02 1.118959171019021e+01 

1.000000000000000e+02 1.115560800170978e+01 

1.000000000000000e+02 1.127865102849043e+01 

1.000000000000000e+02 1.101249692340608e+01 

1.000000000000000e+02 1.108027909875958e+01 

1.000000000000000e+02 1.171285605083075e+01 

1.000000000000000e+02 1.098216209833154e+01 

1.000000000000000e+02 1.161911655599998e+01 

1.000000000000000e+02 1.114074684329774e+01 

1.000000000000000e+02 1.207338601818158e+01 

1.000000000000000e+02 1.163457284964923e+01 

1.000000000000000e+02 1.150746125334946e+01 

1.000000000000000e+02 1.108689729455254e+01 

1.000000000000000e+02 1.096626745327426e+01 

1.000000000000000e+02 1.120218385060674e+01 

1.000000000000000e+02 1.147230197522507e+01 

1.000000000000000e+02 1.153411569040821e+01 

1.000000000000000e+02 1.128881545533371e+01 

1.000000000000000e+02 1.117519766868651e+01 

1.000000000000000e+02 1.160286336582185e+01 

1.000000000000000e+02 1.095027866656678e+01 

1.000000000000000e+02 1.156919382006618e+01 

1.000000000000000e+02 1.127374951735790e+01 

1.000000000000000e+02 1.139559163948943e+01 

1.000000000000000e+02 1.192045181271600e+01 

1.000000000000000e+02 1.137267051110022e+01 

1.000000000000000e+02 1.129954811694398e+01 

1.000000000000000e+02 1.141544464238937e+01 

1.000000000000000e+02 1.186868288127343e+01 

1.000000000000000e+02 1.205278592159825e+01 

1.000000000000000e+02 1.176673053848281e+01 

1.000000000000000e+02 1.114554754677131e+01 

1.000000000000000e+02 1.226033713179437e+01 

1.000000000000000e+02 1.090506710942699e+01 

1.000000000000000e+02 1.164288962152851e+01 

1.000000000000000e+02 1.106056641529352e+01 

1.000000000000000e+02 1.135122572284070e+01 

1.000000000000000e+02 1.154983903149133e+01 

1.000000000000000e+02 1.108011163392926e+01 

1.000000000000000e+02 1.066335836696204e+01 

1.000000000000000e+02 1.125427873528897e+01 

1.000000000000000e+02 1.131056423374775e+01 

1.000000000000000e+02 1.119190073538943e+01 

1.000000000000000e+02 1.076447869193808e+01 

1.000000000000000e+02 1.131220570934093e+01 

1.000000000000000e+02 1.116787251271166e+01 

1.000000000000000e+02 1.131603918780304e+01 

1.000000000000000e+02 1.145188073388219e+01 

1.000000000000000e+02 1.185611753356957e+01 

1.000000000000000e+02 1.183445232800955e+01 

1.000000000000000e+02 1.151734288726848e+01 

1.000000000000000e+02 1.116052380062191e+01 

1.000000000000000e+02 1.125616140542387e+01 

1.000000000000000e+02 1.158001550749260e+01 

1.000000000000000e+02 1.129056309751359e+01 

1.000000000000000e+02 1.134543074921229e+01 

1.000000000000000e+02 1.127201851077121e+01 

1.000000000000000e+02 1.156649535702582e+01 

1.000000000000000e+02 1.191331972779974e+01 

1.000000000000000e+02 1.125184931159135e+01 

1.000000000000000e+02 1.221337262419336e+01 

1.000000000000000e+02 1.087957582970440e+01 

1.000000000000000e+02 1.120926657821954e+01 

1.000000000000000e+02 1.146749867599601e+01 

1.000000000000000e+02 1.146018176438198e+01 

1.000000000000000e+02 1.140641732377350e+01 

1.000000000000000e+02 1.140446104072445e+01 

1.000000000000000e+02 1.125989413070640e+01 

1.000000000000000e+02 1.164492344428382e+01 

1.000000000000000e+02 1.145396780353655e+01 

1.000000000000000e+02 1.163241499635882e+01 

1.000000000000000e+02 1.132424886694890e+01 

1.000000000000000e+02 1.096294336708303e+01 

1.000000000000000e+02 1.181823724979103e+01 

1.000000000000000e+02 1.133276923344512e+01 

1.000000000000000e+02 1.112032759908803e+01 

1.000000000000000e+02 1.144310061258335e+01 

1.000000000000000e+02 1.164115950798975e+01 

1.000000000000000e+02 1.141275615053805e+01 

1.000000000000000e+02 1.082916469673167e+01 

1.000000000000000e+02 1.172557143301202e+01 

1.000000000000000e+02 1.103033194784799e+01 

1.000000000000000e+02 1.134822615513256e+01 

1.000000000000000e+02 1.103069637850541e+01 

1.000000000000000e+02 1.145882450718882e+01 

1.000000000000000e+02 1.204799075696543e+01 

1.000000000000000e+02 1.153442748988472e+01 

1.000000000000000e+02 1.145036924359066e+01 

1.000000000000000e+02 1.171259263548073e+01 

1.000000000000000e+02 1.129671976566283e+01 

1.000000000000000e+02 1.142099409845556e+01 

1.000000000000000e+02 1.131051149272938e+01 

1.000000000000000e+02 1.168227701527867e+01 

1.000000000000000e+02 1.179161004292515e+01 

1.000000000000000e+02 1.161992380282339e+01 

1.000000000000000e+02 1.174479165860660e+01 

1.000000000000000e+02 1.237951877214322e+01 

1.000000000000000e+02 1.101630835471271e+01 

1.000000000000000e+02 1.151074455107520e+01 

1.000000000000000e+02 1.155083588698387e+01 

1.000000000000000e+02 1.128103822903633e+01 

1.000000000000000e+02 1.122657247160123e+01 

1.000000000000000e+02 1.220280008573524e+01 

1.000000000000000e+02 1.121921996472324e+01 

1.000000000000000e+02 1.152712252339213e+01 

1.000000000000000e+02 1.143352577428238e+01 

1.000000000000000e+02 1.180691579007883e+01 

1.000000000000000e+02 1.114751174956247e+01 

1.000000000000000e+02 1.176628799034185e+01 
