
1.000000000000000e+02 1.147056142317728e+01 

1.000000000000000e+02 1.110721174396828e+01 

1.000000000000000e+02 1.149916839057517e+01 

1.000000000000000e+02 1.138203595435951e+01 

1.000000000000000e+02 1.105335704283181e+01 

1.000000000000000e+02 1.122779208716843e+01 

1.000000000000000e+02 1.130537045423898e+01 

1.000000000000000e+02 1.130087062333818e+01 

1.000000000000000e+02 1.154922135050596e+01 

1.000000000000000e+02 1.167433555537977e+01 

1.000000000000000e+02 1.105737405380920e+01 

1.000000000000000e+02 1.103609418079579e+01 

1.000000000000000e+02 1.212629910877844e+01 

1.000000000000000e+02 1.125967295309023e+01 

1.000000000000000e+02 1.082772365138586e+01 

1.000000000000000e+02 1.183068466878657e+01 

1.000000000000000e+02 1.208698650509401e+01 

1.000000000000000e+02 1.126000632704006e+01 

1.000000000000000e+02 1.108486335056889e+01 

1.000000000000000e+02 1.103874434254394e+01 

1.000000000000000e+02 1.105473601434455e+01 

1.000000000000000e+02 1.175638969271574e+01 

1.000000000000000e+02 1.190960894486987e+01 

1.000000000000000e+02 1.052847884490378e+01 

1.000000000000000e+02 1.147490979629303e+01 

1.000000000000000e+02 1.125983654077382e+01 

1.000000000000000e+02 1.188326437308848e+01 

1.000000000000000e+02 1.141296203983133e+01 

1.000000000000000e+02 1.149571902624274e+01 

1.000000000000000e+02 1.106616368788591e+01 

1.000000000000000e+02 1.102374647082550e+01 

1.000000000000000e+02 1.101467765109477e+01 

1.000000000000000e+02 1.074787967639045e+01 

1.000000000000000e+02 1.129776675931336e+01 

1.000000000000000e+02 1.145612688872523e+01 

1.000000000000000e+02 1.202114648495979e+01 

1.000000000000000e+02 1.145062155021268e+01 

1.000000000000000e+02 1.115036264507672e+01 

1.000000000000000e+02 1.110396152253437e+01 

1.000000000000000e+02 1.118522162308649e+01 

1.000000000000000e+02 1.127795448438591e+01 

1.000000000000000e+02 1.147488235025067e+01 

1.000000000000000e+02 1.145337851198438e+01 

1.000000000000000e+02 1.070827265539368e+01 

1.000000000000000e+02 1.066408885189258e+01 

1.000000000000000e+02 1.110818068520706e+01 

1.000000000000000e+02 1.157992322831558e+01 

1.000000000000000e+02 1.183870974869128e+01 

1.000000000000000e+02 1.101934116092924e+01 

1.000000000000000e+02 1.081151775335208e+01 

1.000000000000000e+02 1.097541445415246e+01 

1.000000000000000e+02 1.186020394584852e+01 

1.000000000000000e+02 1.133053573319564e+01 

1.000000000000000e+02 1.163329653408655e+01 

1.000000000000000e+02 1.162443167604277e+01 

1.000000000000000e+02 1.174957841436590e+01 

1.000000000000000e+02 1.218008809314189e+01 

1.000000000000000e+02 1.202923421605086e+01 

1.000000000000000e+02 1.162858575408808e+01 

1.000000000000000e+02 1.194067994316697e+01 

1.000000000000000e+02 1.129629477725122e+01 

1.000000000000000e+02 1.148688460968118e+01 

1.000000000000000e+02 1.150282300090726e+01 

1.000000000000000e+02 1.172572935921755e+01 

1.000000000000000e+02 1.106998864019407e+01 

1.000000000000000e+02 1.119390492707772e+01 

1.000000000000000e+02 1.082362500467972e+01 

1.000000000000000e+02 1.050492709278720e+01 

1.000000000000000e+02 1.119546479280550e+01 

1.000000000000000e+02 1.122125129690469e+01 

1.000000000000000e+02 1.121435256456769e+01 

1.000000000000000e+02 1.153347644944332e+01 

1.000000000000000e+02 1.156991542552435e+01 

1.000000000000000e+02 1.128891498464882e+01 

1.000000000000000e+02 1.087847298942826e+01 

1.000000000000000e+02 1.165909399852299e+01 

1.000000000000000e+02 1.116783656577006e+01 

1.000000000000000e+02 1.124265664049121e+01 

1.000000000000000e+02 1.192049653165808e+01 

1.000000000000000e+02 1.097491668413530e+01 

1.000000000000000e+02 1.191264685751986e+01 

1.000000000000000e+02 1.125493978555825e+01 

1.000000000000000e+02 1.115194838202629e+01 

1.000000000000000e+02 1.112947884018403e+01 

1.000000000000000e+02 1.118134642541630e+01 

1.000000000000000e+02 1.141829807605366e+01 

1.000000000000000e+02 1.167400329520782e+01 

1.000000000000000e+02 1.186644931903321e+01 

1.000000000000000e+02 1.169669480025789e+01 

1.000000000000000e+02 1.106600536150544e+01 

1.000000000000000e+02 1.139387788118936e+01 

1.000000000000000e+02 1.101829431625733e+01 

1.000000000000000e+02 1.214432431942222e+01 

1.000000000000000e+02 1.133238562435508e+01 

1.000000000000000e+02 1.159748393063385e+01 

1.000000000000000e+02 1.127863763622898e+01 

1.000000000000000e+02 1.127545224738569e+01 

1.000000000000000e+02 1.062975386014559e+01 

1.000000000000000e+02 1.077567722459720e+01 

1.000000000000000e+02 1.143419022500667e+01 

1.000000000000000e+02 1.131882886351567e+01 

1.000000000000000e+02 1.035744212346707e+01 

1.000000000000000e+02 1.120059489935055e+01 

1.000000000000000e+02 1.136347057292721e+01 

1.000000000000000e+02 1.141343741056794e+01 

1.000000000000000e+02 1.117488495825150e+01 

1.000000000000000e+02 1.285960388351209e+01 

1.000000000000000e+02 1.113548305833149e+01 

1.000000000000000e+02 1.243648387347631e+01 

1.000000000000000e+02 1.105249271797195e+01 

1.000000000000000e+02 1.085629685155444e+01 

1.000000000000000e+02 1.145829496838033e+01 

1.000000000000000e+02 1.120428185642226e+01 

1.000000000000000e+02 1.313375639915595e+01 

1.000000000000000e+02 1.184294123440358e+01 

1.000000000000000e+02 1.162662410097246e+01 

1.000000000000000e+02 1.153226889186602e+01 

1.000000000000000e+02 1.233269443776348e+01 

1.000000000000000e+02 1.131088695631101e+01 

1.000000000000000e+02 1.236044162512827e+01 

1.000000000000000e+02 1.062841675152134e+01 

1.000000000000000e+02 1.120842787852524e+01 

1.000000000000000e+02 1.112518055488794e+01 

1.000000000000000e+02 1.132426423662228e+01 

1.000000000000000e+02 1.207691206511460e+01 

1.000000000000000e+02 1.187774110797620e+01 

1.000000000000000e+02 1.125375302681063e+01 

1.000000000000000e+02 1.160105052709308e+01 

1.000000000000000e+02 1.134360231729537e+01 

1.000000000000000e+02 1.084494096735821e+01 

1.000000000000000e+02 1.076294972156729e+01 

1.000000000000000e+02 1.138014442432034e+01 

1.000000000000000e+02 1.162791881778079e+01 

1.000000000000000e+02 1.089725961135684e+01 

1.000000000000000e+02 1.169437834726692e+01 

1.000000000000000e+02 1.043085477019112e+01 

1.000000000000000e+02 1.049159039731624e+01 

1.000000000000000e+02 1.131787081785486e+01 

1.000000000000000e+02 1.125805052884864e+01 

1.000000000000000e+02 1.121252248735766e+01 

1.000000000000000e+02 1.216447022617769e+01 

1.000000000000000e+02 1.098722834774797e+01 

1.000000000000000e+02 1.156339441804395e+01 

1.000000000000000e+02 9.885286179027839e+00 

1.000000000000000e+02 1.122373502373842e+01 

1.000000000000000e+02 1.110413118838897e+01 

1.000000000000000e+02 1.117054830484311e+01 

1.000000000000000e+02 1.102353411370737e+01 

1.000000000000000e+02 1.127546395185070e+01 

1.000000000000000e+02 1.158795092716550e+01 

1.000000000000000e+02 1.140254596979056e+01 

1.000000000000000e+02 1.037162499129987e+01 

1.000000000000000e+02 1.051338069817442e+01 

1.000000000000000e+02 1.139517623774485e+01 

1.000000000000000e+02 1.187978337976011e+01 

1.000000000000000e+02 1.177714881443117e+01 

1.000000000000000e+02 1.129732500748349e+01 

1.000000000000000e+02 1.155352924700986e+01 

1.000000000000000e+02 1.144673896683206e+01 

1.000000000000000e+02 1.148757778935904e+01 

1.000000000000000e+02 1.159428555757573e+01 

1.000000000000000e+02 1.130281101483168e+01 

1.000000000000000e+02 1.138828374738816e+01 

1.000000000000000e+02 1.142434759784969e+01 

1.000000000000000e+02 1.140643928845504e+01 

1.000000000000000e+02 1.148497454115549e+01 

1.000000000000000e+02 1.141785715051808e+01 

1.000000000000000e+02 1.135967294279900e+01 

1.000000000000000e+02 1.122394612184591e+01 

1.000000000000000e+02 1.158937005875606e+01 

1.000000000000000e+02 1.177828943016385e+01 

1.000000000000000e+02 1.207909328524159e+01 

1.000000000000000e+02 1.139539781428309e+01 

1.000000000000000e+02 1.114904370637449e+01 

1.000000000000000e+02 1.075891168350815e+01 

1.000000000000000e+02 1.144562363227488e+01 

1.000000000000000e+02 1.117076821572780e+01 

1.000000000000000e+02 1.251610955191386e+01 

1.000000000000000e+02 1.169708239760389e+01 

1.000000000000000e+02 1.080133547232897e+01 

1.000000000000000e+02 1.156849376410731e+01 

1.000000000000000e+02 1.087805362258578e+01 

1.000000000000000e+02 1.125722222312189e+01 

1.000000000000000e+02 1.041156356314447e+01 

1.000000000000000e+02 1.258385258301789e+01 

1.000000000000000e+02 1.133349659694147e+01 

1.000000000000000e+02 1.127646476886556e+01 

1.000000000000000e+02 1.168721096949788e+01 

1.000000000000000e+02 1.096617326287976e+01 

1.000000000000000e+02 1.048431811686795e+01 

1.000000000000000e+02 1.178133772862259e+01 

1.000000000000000e+02 1.175097395195715e+01 

1.000000000000000e+02 1.161766051036501e+01 

1.000000000000000e+02 1.074129122495474e+01 

1.000000000000000e+02 1.097122115173997e+01 

1.000000000000000e+02 1.113803968353887e+01 

1.000000000000000e+02 1.193970190714431e+01 

1.000000000000000e+02 1.159209622371410e+01 

1.000000000000000e+02 1.001757386462509e+01 

1.000000000000000e+02 1.108143298527617e+01 

1.000000000000000e+02 1.120974480112603e+01 

1.000000000000000e+02 1.189694632850692e+01 

1.000000000000000e+02 1.110546591607577e+01 

1.000000000000000e+02 1.218626159809453e+01 

1.000000000000000e+02 1.118552725606299e+01 

1.000000000000000e+02 1.136756916691691e+01 

1.000000000000000e+02 1.146309495917732e+01 

1.000000000000000e+02 1.121835079039305e+01 

1.000000000000000e+02 1.114487306263047e+01 

1.000000000000000e+02 1.182731175135483e+01 

1.000000000000000e+02 1.081382727209007e+01 

1.000000000000000e+02 1.205890559770048e+01 

1.000000000000000e+02 1.211179586052900e+01 

1.000000000000000e+02 1.145802919751477e+01 

1.000000000000000e+02 1.175396428789239e+01 

1.000000000000000e+02 1.176367523308160e+01 

1.000000000000000e+02 1.209348170516367e+01 

1.000000000000000e+02 1.113053571705225e+01 

1.000000000000000e+02 1.103007942578326e+01 

1.000000000000000e+02 1.166273553854520e+01 

1.000000000000000e+02 1.126583822685613e+01 

1.000000000000000e+02 1.094933878427665e+01 

1.000000000000000e+02 1.125933503627836e+01 

1.000000000000000e+02 1.135469942149868e+01 

1.000000000000000e+02 1.035793085618219e+01 

1.000000000000000e+02 1.153067996429737e+01 

1.000000000000000e+02 1.118214410294666e+01 

1.000000000000000e+02 1.133928445934153e+01 

1.000000000000000e+02 1.037435588354459e+01 

1.000000000000000e+02 1.041318053007028e+01 

1.000000000000000e+02 1.160466425256310e+01 

1.000000000000000e+02 1.197645980970750e+01 

1.000000000000000e+02 1.076246327054912e+01 

1.000000000000000e+02 1.101356694102214e+01 

1.000000000000000e+02 1.147064500063788e+01 

1.000000000000000e+02 1.161829202146086e+01 

1.000000000000000e+02 1.125713412956288e+01 

1.000000000000000e+02 1.132932067954245e+01 

1.000000000000000e+02 1.121237160349855e+01 

1.000000000000000e+02 1.140484038132166e+01 

1.000000000000000e+02 1.117930032690249e+01 

1.000000000000000e+02 1.051796829255434e+01 

1.000000000000000e+02 1.173995165604614e+01 

1.000000000000000e+02 1.115005759682047e+01 

1.000000000000000e+02 1.220232652795915e+01 

1.000000000000000e+02 1.171675216944304e+01 

1.000000000000000e+02 1.243008752365708e+01 

1.000000000000000e+02 1.134940760291076e+01 

1.000000000000000e+02 1.073001413241665e+01 

1.000000000000000e+02 1.105083957438626e+01 

1.000000000000000e+02 1.144109446869500e+01 

1.000000000000000e+02 1.180209375066524e+01 

1.000000000000000e+02 1.038103667225578e+01 

1.000000000000000e+02 1.145063372396329e+01 

1.000000000000000e+02 1.100428667146885e+01 

1.000000000000000e+02 1.088427619727723e+01 

1.000000000000000e+02 1.147919993369224e+01 

1.000000000000000e+02 1.155169338163094e+01 

1.000000000000000e+02 1.105043816951015e+01 

1.000000000000000e+02 1.120115737906494e+01 
