
1.000000000000000e+02 1.071679545871153e+01 

1.000000000000000e+02 1.113748528747163e+01 

1.000000000000000e+02 1.077883348548898e+01 

1.000000000000000e+02 1.226573029687544e+01 

1.000000000000000e+02 1.136482577454632e+01 

1.000000000000000e+02 1.221743991878513e+01 

1.000000000000000e+02 1.200336739213445e+01 

1.000000000000000e+02 1.093109222668289e+01 

1.000000000000000e+02 1.120403645435976e+01 

1.000000000000000e+02 1.303670823574750e+01 

1.000000000000000e+02 1.115480223609453e+01 

1.000000000000000e+02 1.189328071832834e+01 

1.000000000000000e+02 1.112963549417426e+01 

1.000000000000000e+02 1.145238848761078e+01 

1.000000000000000e+02 1.101200651439824e+01 

1.000000000000000e+02 1.086682957410014e+01 

1.000000000000000e+02 1.121265940736891e+01 

1.000000000000000e+02 1.119379425793447e+01 

1.000000000000000e+02 1.129931300258694e+01 

1.000000000000000e+02 1.115690874154633e+01 

1.000000000000000e+02 1.106651818644017e+01 

1.000000000000000e+02 1.271943747997296e+01 

1.000000000000000e+02 -nan 

1.000000000000000e+02 1.259892998456725e+01 

1.000000000000000e+02 1.181874401994262e+01 

1.000000000000000e+02 1.132212135215081e+01 

1.000000000000000e+02 1.150395267198833e+01 

1.000000000000000e+02 1.157313015575703e+01 

1.000000000000000e+02 1.121917781944469e+01 

1.000000000000000e+02 1.146298540160595e+01 

1.000000000000000e+02 1.125577498276967e+01 

1.000000000000000e+02 -nan 

1.000000000000000e+02 1.041829222827488e+01 

1.000000000000000e+02 1.155803483073230e+01 

1.000000000000000e+02 1.032077517525801e+01 

1.000000000000000e+02 1.115993004654561e+01 

1.000000000000000e+02 1.144851989028552e+01 

1.000000000000000e+02 1.103679472704769e+01 

1.000000000000000e+02 1.203698041065435e+01 

1.000000000000000e+02 1.136522920925975e+01 

1.000000000000000e+02 1.133208740287994e+01 

1.000000000000000e+02 1.136752459142937e+01 

1.000000000000000e+02 1.163894805633051e+01 

1.000000000000000e+02 1.109017175561137e+01 

1.000000000000000e+02 1.189834804544149e+01 

1.000000000000000e+02 1.157023498109687e+01 

1.000000000000000e+02 1.137569506435184e+01 

1.000000000000000e+02 1.107837484360696e+01 

1.000000000000000e+02 1.134194786681961e+01 

1.000000000000000e+02 1.172879199909482e+01 

1.000000000000000e+02 1.149610266853033e+01 

1.000000000000000e+02 1.190737985113804e+01 

1.000000000000000e+02 1.117428874284117e+01 

1.000000000000000e+02 1.088287589275668e+01 

1.000000000000000e+02 -nan 

1.000000000000000e+02 1.136265892471610e+01 

1.000000000000000e+02 1.135037697588813e+01 

1.000000000000000e+02 -nan 

1.000000000000000e+02 1.188480593656259e+01 

1.000000000000000e+02 1.166897712248270e+01 

1.000000000000000e+02 1.162920766810920e+01 

1.000000000000000e+02 1.248578716633560e+01 

1.000000000000000e+02 1.132197915656234e+01 

1.000000000000000e+02 1.201735601998556e+01 

1.000000000000000e+02 1.319657254218957e+01 

1.000000000000000e+02 1.114204780007522e+01 

1.000000000000000e+02 1.061292915185274e+01 

1.000000000000000e+02 -nan 

1.000000000000000e+02 1.096388193799387e+01 

1.000000000000000e+02 1.124988426102826e+01 

1.000000000000000e+02 1.055290937945228e+01 

1.000000000000000e+02 1.108116177600587e+01 

1.000000000000000e+02 -nan 

1.000000000000000e+02 1.164205645937760e+01 

1.000000000000000e+02 1.239962638079317e+01 

1.000000000000000e+02 1.184011249313138e+01 

1.000000000000000e+02 1.193897649970303e+01 

1.000000000000000e+02 1.188351392083939e+01 

1.000000000000000e+02 1.088192707300666e+01 

1.000000000000000e+02 1.126113094148039e+01 

1.000000000000000e+02 1.090588281055442e+01 

1.000000000000000e+02 1.089453354937910e+01 

1.000000000000000e+02 1.173224053148078e+01 

1.000000000000000e+02 1.128801136125198e+01 

1.000000000000000e+02 1.191395930495470e+01 

1.000000000000000e+02 1.124691810767122e+01 

1.000000000000000e+02 1.188708327214249e+01 

1.000000000000000e+02 1.130013797587070e+01 

1.000000000000000e+02 1.172935626025524e+01 

1.000000000000000e+02 1.164880155277083e+01 

1.000000000000000e+02 1.125808381668855e+01 

1.000000000000000e+02 1.210863329035172e+01 

1.000000000000000e+02 1.150897086428498e+01 

1.000000000000000e+02 -nan 

1.000000000000000e+02 1.181601781504751e+01 

1.000000000000000e+02 1.207207459788471e+01 

1.000000000000000e+02 1.106914586099810e+01 

1.000000000000000e+02 1.126889062113969e+01 

1.000000000000000e+02 1.114250004291535e+01 

1.000000000000000e+02 1.171135373139045e+01 

1.000000000000000e+02 1.117554711517956e+01 

1.000000000000000e+02 1.154097291430043e+01 

1.000000000000000e+02 1.123941706840228e+01 

1.000000000000000e+02 1.135233243886374e+01 

1.000000000000000e+02 1.089107919076164e+01 

1.000000000000000e+02 1.138206180889225e+01 

1.000000000000000e+02 -nan 

1.000000000000000e+02 1.130576741907899e+01 

1.000000000000000e+02 1.067751780586231e+01 

1.000000000000000e+02 1.102167608734316e+01 

1.000000000000000e+02 8.991749942302704e+00 

1.000000000000000e+02 1.170383914233712e+01 

1.000000000000000e+02 1.135087719958370e+01 

1.000000000000000e+02 -nan 

1.000000000000000e+02 1.074870345405464e+01 

1.000000000000000e+02 1.123224836195443e+01 

1.000000000000000e+02 1.076976687788957e+01 

1.000000000000000e+02 1.089614494519841e+01 

1.000000000000000e+02 1.081010439107605e+01 

1.000000000000000e+02 1.091223214352604e+01 

1.000000000000000e+02 1.168487489223480e+01 

1.000000000000000e+02 1.199433512003278e+01 

1.000000000000000e+02 1.149321558502151e+01 

1.000000000000000e+02 1.131809688002235e+01 

1.000000000000000e+02 1.171080692979231e+01 

1.000000000000000e+02 1.093248513973371e+01 

1.000000000000000e+02 1.105883100414257e+01 

1.000000000000000e+02 1.159813522406893e+01 

1.000000000000000e+02 1.171964414093263e+01 

1.000000000000000e+02 1.097491997691066e+01 

1.000000000000000e+02 1.112792753447782e+01 

1.000000000000000e+02 1.144384900591126e+01 

1.000000000000000e+02 1.132075811438986e+01 

1.000000000000000e+02 1.145857498645324e+01 

1.000000000000000e+02 -nan 

1.000000000000000e+02 1.178114712917163e+01 

1.000000000000000e+02 1.133869709435582e+01 

1.000000000000000e+02 1.105481138208138e+01 

1.000000000000000e+02 1.100826743822739e+01 

1.000000000000000e+02 1.142055608533453e+01 

1.000000000000000e+02 1.124866392018627e+01 

1.000000000000000e+02 1.161464415745418e+01 

1.000000000000000e+02 1.133735002279707e+01 

1.000000000000000e+02 1.110629179938249e+01 

1.000000000000000e+02 1.138304191506652e+01 

1.000000000000000e+02 1.201925003529562e+01 

1.000000000000000e+02 1.113450452956330e+01 

1.000000000000000e+02 1.241223011233205e+01 

1.000000000000000e+02 1.048263637224738e+01 

1.000000000000000e+02 1.133851079180462e+01 

1.000000000000000e+02 1.133037503560551e+01 

1.000000000000000e+02 1.158987312689955e+01 

1.000000000000000e+02 1.140671609215448e+01 

1.000000000000000e+02 1.116774453806346e+01 

1.000000000000000e+02 1.128659869997147e+01 

1.000000000000000e+02 1.107420928098812e+01 

1.000000000000000e+02 1.126713072980246e+01 

1.000000000000000e+02 1.168688067883601e+01 

1.000000000000000e+02 1.169374997615987e+01 

1.000000000000000e+02 1.065306112468489e+01 

1.000000000000000e+02 1.106951917858353e+01 

1.000000000000000e+02 1.099418749660254e+01 

1.000000000000000e+02 1.139664695391655e+01 

1.000000000000000e+02 1.156922137282249e+01 

1.000000000000000e+02 1.169262136533540e+01 

1.000000000000000e+02 1.237352165465163e+01 

1.000000000000000e+02 1.104562497138977e+01 

1.000000000000000e+02 1.128358929497860e+01 

1.000000000000000e+02 1.097381094247016e+01 

1.000000000000000e+02 1.166127932365904e+01 

1.000000000000000e+02 1.205323958397021e+01 

1.000000000000000e+02 1.183754997254342e+01 

1.000000000000000e+02 1.166443053385025e+01 

1.000000000000000e+02 1.160560313164882e+01 

1.000000000000000e+02 1.194516670704090e+01 

1.000000000000000e+02 1.168669838749895e+01 

1.000000000000000e+02 1.184393995708351e+01 

1.000000000000000e+02 1.094371021043040e+01 

1.000000000000000e+02 1.185558346003079e+01 

1.000000000000000e+02 1.150271136251080e+01 

1.000000000000000e+02 1.184933785813623e+01 

1.000000000000000e+02 1.191402810812419e+01 

1.000000000000000e+02 -nan 

1.000000000000000e+02 1.136959719657882e+01 

1.000000000000000e+02 1.091605123042989e+01 

1.000000000000000e+02 1.099361379798778e+01 

1.000000000000000e+02 1.082049035619361e+01 

1.000000000000000e+02 1.177611759035665e+01 

1.000000000000000e+02 1.112135133615534e+01 

1.000000000000000e+02 1.118716225861032e+01 

1.000000000000000e+02 1.084060655656642e+01 

1.000000000000000e+02 -nan 

1.000000000000000e+02 1.163951189374241e+01 

1.000000000000000e+02 1.149079512154189e+01 

1.000000000000000e+02 1.143433745161061e+01 

1.000000000000000e+02 1.147588214083775e+01 

1.000000000000000e+02 1.128950000750087e+01 

1.000000000000000e+02 1.103245192613059e+01 

1.000000000000000e+02 1.180191517970853e+01 

1.000000000000000e+02 1.082604939530739e+01 

1.000000000000000e+02 1.114579933070836e+01 

1.000000000000000e+02 1.173970106113561e+01 

1.000000000000000e+02 1.147862493990178e+01 

1.000000000000000e+02 1.151687878551562e+01 

1.000000000000000e+02 1.226039191677797e+01 

1.000000000000000e+02 1.294652498961674e+01 

1.000000000000000e+02 1.137582820264305e+01 

1.000000000000000e+02 1.138366147079767e+01 

1.000000000000000e+02 1.102737499849275e+01 

1.000000000000000e+02 1.092640097072574e+01 

1.000000000000000e+02 1.108040890869086e+01 

1.000000000000000e+02 1.125762796718149e+01 

1.000000000000000e+02 1.145746280040188e+01 

1.000000000000000e+02 1.152870295199213e+01 

1.000000000000000e+02 1.107595601979144e+01 

1.000000000000000e+02 1.120083383585172e+01 

1.000000000000000e+02 1.169141821949724e+01 

1.000000000000000e+02 1.119463157567453e+01 

1.000000000000000e+02 -nan 

1.000000000000000e+02 1.094770074342345e+01 

1.000000000000000e+02 1.194092285861306e+01 

1.000000000000000e+02 1.135732901165115e+01 

1.000000000000000e+02 1.174853740437807e+01 

1.000000000000000e+02 1.171510429409236e+01 

1.000000000000000e+02 1.109583945723175e+01 

1.000000000000000e+02 1.093219042107893e+01 

1.000000000000000e+02 1.089897506237265e+01 

1.000000000000000e+02 1.099852157255908e+01 

1.000000000000000e+02 1.064149997233954e+01 

1.000000000000000e+02 1.133452625170066e+01 

1.000000000000000e+02 1.167854224084094e+01 

1.000000000000000e+02 1.162285033917498e+01 

1.000000000000000e+02 1.119146308051630e+01 

1.000000000000000e+02 1.161873068190449e+01 

1.000000000000000e+02 1.101259500765544e+01 

1.000000000000000e+02 -nan 

1.000000000000000e+02 1.075229008074922e+01 

1.000000000000000e+02 1.144057210515272e+01 

1.000000000000000e+02 1.129512598873973e+01 

1.000000000000000e+02 1.162441978156848e+01 

1.000000000000000e+02 1.157499992847442e+01 

1.000000000000000e+02 1.124926029619118e+01 

1.000000000000000e+02 -nan 

1.000000000000000e+02 1.164530515670565e+01 

1.000000000000000e+02 1.114596644263548e+01 

1.000000000000000e+02 1.106356558622778e+01 

1.000000000000000e+02 1.115396786566184e+01 

1.000000000000000e+02 1.135094483357631e+01 

1.000000000000000e+02 1.149709642287213e+01 

1.000000000000000e+02 1.077903905883496e+01 

1.000000000000000e+02 1.175772536148876e+01 

1.000000000000000e+02 1.117606100944883e+01 

1.000000000000000e+02 1.159603487946266e+01 

1.000000000000000e+02 1.105938293530820e+01 

1.000000000000000e+02 1.137251733493707e+01 

1.000000000000000e+02 1.116658926761364e+01 

1.000000000000000e+02 1.145736615702206e+01 

1.000000000000000e+02 1.105067687152820e+01 

1.000000000000000e+02 1.095789239451750e+01 

1.000000000000000e+02 1.104686650329788e+01 

1.000000000000000e+02 1.144233955767582e+01 
