
1.000000000000000e+02 1.259143121879658e+01 

1.000000000000000e+02 1.152600773630089e+01 

1.000000000000000e+02 1.225566849760538e+01 

1.000000000000000e+02 1.125737381095454e+01 

1.000000000000000e+02 1.148382301121749e+01 

1.000000000000000e+02 1.130807908781749e+01 

1.000000000000000e+02 1.098093442228497e+01 

1.000000000000000e+02 1.147344301549747e+01 

1.000000000000000e+02 1.219428222130535e+01 

1.000000000000000e+02 1.237963869345509e+01 

1.000000000000000e+02 1.103557217817160e+01 

1.000000000000000e+02 1.152338792906298e+01 

1.000000000000000e+02 1.169389681719141e+01 

1.000000000000000e+02 1.202827219463525e+01 

1.000000000000000e+02 1.272452783638077e+01 

1.000000000000000e+02 1.116110227473505e+01 

1.000000000000000e+02 1.163526785499578e+01 

1.000000000000000e+02 1.138168751909475e+01 

1.000000000000000e+02 1.267932589387908e+01 

1.000000000000000e+02 1.183726190290938e+01 

1.000000000000000e+02 1.082717858042048e+01 

1.000000000000000e+02 1.186716568043417e+01 

1.000000000000000e+02 1.119635862679858e+01 

1.000000000000000e+02 1.163553050000939e+01 

1.000000000000000e+02 1.078488614995822e+01 

1.000000000000000e+02 1.113491291813824e+01 

1.000000000000000e+02 1.299508385402838e+01 

1.000000000000000e+02 1.097516249816748e+01 

1.000000000000000e+02 1.209748345033780e+01 

1.000000000000000e+02 1.117912392028142e+01 

1.000000000000000e+02 1.112401923193406e+01 

1.000000000000000e+02 1.129697773609185e+01 

1.000000000000000e+02 1.145484721660515e+01 

1.000000000000000e+02 1.248989788235113e+01 

1.000000000000000e+02 1.157657836543067e+01 

1.000000000000000e+02 1.104468948027675e+01 

1.000000000000000e+02 1.183234852400764e+01 

1.000000000000000e+02 1.123831473714371e+01 

1.000000000000000e+02 1.204832339708056e+01 

1.000000000000000e+02 1.177657702449917e+01 

1.000000000000000e+02 1.121170000462428e+01 

1.000000000000000e+02 1.194380179672144e+01 

1.000000000000000e+02 1.253170239712287e+01 

1.000000000000000e+02 1.073419840610469e+01 

1.000000000000000e+02 1.034664999247522e+01 

1.000000000000000e+02 1.062614878586184e+01 

1.000000000000000e+02 1.214662054322656e+01 

1.000000000000000e+02 1.064524802139916e+01 

1.000000000000000e+02 1.232160773034321e+01 

1.000000000000000e+02 1.114433663728170e+01 

1.000000000000000e+02 1.184014349188453e+01 

1.000000000000000e+02 1.153554066922599e+01 

1.000000000000000e+02 1.132848686027297e+01 

1.000000000000000e+02 1.248222730788002e+01 

1.000000000000000e+02 1.132668609412781e+01 

1.000000000000000e+02 1.156239758542140e+01 

1.000000000000000e+02 1.125264235526228e+01 

1.000000000000000e+02 1.026217498541274e+01 

1.000000000000000e+02 1.149910737131774e+01 

1.000000000000000e+02 1.269801339648183e+01 

1.000000000000000e+02 1.185934375225558e+01 

1.000000000000000e+02 1.076524738558951e+01 

1.000000000000000e+02 1.200544723655237e+01 

1.000000000000000e+02 1.168037827710329e+01 

1.000000000000000e+02 1.135927395163373e+01 

1.000000000000000e+02 1.174820430393915e+01 

1.000000000000000e+02 1.077876375225302e+01 

1.000000000000000e+02 1.148511076386590e+01 

1.000000000000000e+02 1.048860830493165e+01 

1.000000000000000e+02 1.137844303310771e+01 

1.000000000000000e+02 1.152542695789838e+01 

1.000000000000000e+02 1.166864179344053e+01 

1.000000000000000e+02 1.279588540999183e+01 

1.000000000000000e+02 1.154382976888394e+01 

1.000000000000000e+02 1.140036931362996e+01 

1.000000000000000e+02 1.026792707436666e+01 

1.000000000000000e+02 1.167904019497993e+01 

1.000000000000000e+02 1.029501785266993e+01 

1.000000000000000e+02 1.147868639591202e+01 

1.000000000000000e+02 1.133163088504148e+01 

1.000000000000000e+02 1.296200327503812e+01 

1.000000000000000e+02 1.085350529015308e+01 

1.000000000000000e+02 1.192922396035292e+01 

1.000000000000000e+02 1.128248289652399e+01 

1.000000000000000e+02 1.133385262676815e+01 

1.000000000000000e+02 1.142157031277392e+01 

1.000000000000000e+02 1.147953867912297e+01 

1.000000000000000e+02 1.054777779370447e+01 

1.000000000000000e+02 9.881794645672736e+00 

1.000000000000000e+02 1.155658034625506e+01 

1.000000000000000e+02 1.144312470385092e+01 

1.000000000000000e+02 1.125370893902467e+01 

1.000000000000000e+02 1.186256726184986e+01 

1.000000000000000e+02 1.101072401840370e+01 

1.000000000000000e+02 1.169425036935542e+01 

1.000000000000000e+02 1.092809736971786e+01 

1.000000000000000e+02 1.239435958552378e+01 

1.000000000000000e+02 1.048401957965868e+01 

1.000000000000000e+02 1.104008979800176e+01 

1.000000000000000e+02 1.108055060318848e+01 

1.000000000000000e+02 1.119468899000776e+01 

1.000000000000000e+02 1.202379344531400e+01 

1.000000000000000e+02 1.149272416776806e+01 

1.000000000000000e+02 1.130001562070568e+01 

1.000000000000000e+02 1.043231250132305e+01 

1.000000000000000e+02 1.143623807411327e+01 

1.000000000000000e+02 1.231356299207404e+01 

1.000000000000000e+02 1.157411898399997e+01 

1.000000000000000e+02 1.065197397661717e+01 

1.000000000000000e+02 1.164273242340524e+01 

1.000000000000000e+02 1.230187352214508e+01 

1.000000000000000e+02 1.187598886730972e+01 

1.000000000000000e+02 1.147196192845247e+01 

1.000000000000000e+02 1.168397735492098e+01 

1.000000000000000e+02 1.128141021831503e+01 

1.000000000000000e+02 1.120801801778174e+01 

1.000000000000000e+02 1.060984777022289e+01 

1.000000000000000e+02 1.202504537292752e+01 

1.000000000000000e+02 1.160517033366847e+01 

1.000000000000000e+02 1.199880580674696e+01 

1.000000000000000e+02 1.120368327830859e+01 

1.000000000000000e+02 1.171556196196705e+01 

1.000000000000000e+02 1.080303356063251e+01 

1.000000000000000e+02 1.134633099039216e+01 

1.000000000000000e+02 1.190124553478127e+01 

1.000000000000000e+02 1.109973179136273e+01 

1.000000000000000e+02 1.140441741314819e+01 

1.000000000000000e+02 1.228697856779228e+01 

1.000000000000000e+02 1.154072279250829e+01 

1.000000000000000e+02 1.206541367940727e+01 

1.000000000000000e+02 1.249344127724083e+01 

1.000000000000000e+02 1.134067669891045e+01 

1.000000000000000e+02 1.131548154326335e+01 

1.000000000000000e+02 1.220335276420063e+01 

1.000000000000000e+02 1.247195072905088e+01 

1.000000000000000e+02 1.112365823428211e+01 

1.000000000000000e+02 1.143637698983608e+01 

1.000000000000000e+02 1.069687500760254e+01 

1.000000000000000e+02 1.170960432566363e+01 

1.000000000000000e+02 1.115765421615283e+01 

1.000000000000000e+02 1.158676669916891e+01 

1.000000000000000e+02 1.226873543373310e+01 

1.000000000000000e+02 1.104187451137065e+01 

1.000000000000000e+02 1.148851967365391e+01 

1.000000000000000e+02 1.164303570749938e+01 

1.000000000000000e+02 1.117265104075455e+01 

1.000000000000000e+02 1.124327798263614e+01 

1.000000000000000e+02 1.143225808755886e+01 

1.000000000000000e+02 1.110753838604935e+01 

1.000000000000000e+02 1.076618788518793e+01 

1.000000000000000e+02 1.153941666142762e+01 

1.000000000000000e+02 1.159067670214053e+01 

1.000000000000000e+02 1.030061210667616e+01 

1.000000000000000e+02 1.120546874829067e+01 

1.000000000000000e+02 1.139854337083363e+01 

1.000000000000000e+02 1.086169148058016e+01 

1.000000000000000e+02 1.103739456294862e+01 

1.000000000000000e+02 1.157533808718829e+01 

1.000000000000000e+02 1.232643454557388e+01 

1.000000000000000e+02 1.177811456399825e+01 

1.000000000000000e+02 1.061408481214232e+01 

1.000000000000000e+02 1.194631776548172e+01 

1.000000000000000e+02 1.204072619011972e+01 

1.000000000000000e+02 1.158319049116183e+01 

1.000000000000000e+02 1.154642770808437e+01 

1.000000000000000e+02 1.135002107468309e+01 

1.000000000000000e+02 1.122854463755790e+01 

1.000000000000000e+02 1.085840972263748e+01 

1.000000000000000e+02 -nan 

1.000000000000000e+02 1.102073511964990e+01 

1.000000000000000e+02 1.218932999224795e+01 

1.000000000000000e+02 1.100596328624742e+01 

1.000000000000000e+02 1.200449207472018e+01 

1.000000000000000e+02 1.209582539635525e+01 

1.000000000000000e+02 1.232777655605455e+01 

1.000000000000000e+02 1.222300471898376e+01 

1.000000000000000e+02 1.146166197865151e+01 

1.000000000000000e+02 1.104312872993302e+01 

1.000000000000000e+02 1.087200297302322e+01 

1.000000000000000e+02 1.217973148125335e+01 

1.000000000000000e+02 1.066622235510905e+01 

1.000000000000000e+02 1.170817590180683e+01 

1.000000000000000e+02 1.137547005784265e+01 

1.000000000000000e+02 1.306788295095499e+01 

1.000000000000000e+02 1.234865823222122e+01 

1.000000000000000e+02 1.098733121172108e+01 

1.000000000000000e+02 1.106335544869314e+01 

1.000000000000000e+02 1.172693849319585e+01 

1.000000000000000e+02 1.181734285269343e+01 

1.000000000000000e+02 1.125969273297906e+01 

1.000000000000000e+02 1.275653050522197e+01 

1.000000000000000e+02 1.066680059121075e+01 

1.000000000000000e+02 1.035164143840166e+01 

1.000000000000000e+02 1.094128689481847e+01 

1.000000000000000e+02 1.186046898850208e+01 

1.000000000000000e+02 1.244741963942676e+01 

1.000000000000000e+02 1.194433564273417e+01 

1.000000000000000e+02 1.164024658657663e+01 

1.000000000000000e+02 1.028207242216744e+01 

1.000000000000000e+02 -nan 

1.000000000000000e+02 1.062464287167508e+01 

1.000000000000000e+02 1.032242452089694e+01 

1.000000000000000e+02 1.280317320822918e+01 

1.000000000000000e+02 1.148055319411680e+01 

1.000000000000000e+02 1.051519147791679e+01 

1.000000000000000e+02 1.162673103312216e+01 

1.000000000000000e+02 1.075630357080766e+01 

1.000000000000000e+02 1.228991428954938e+01 

1.000000000000000e+02 1.126657438028085e+01 

1.000000000000000e+02 1.224602009002166e+01 

1.000000000000000e+02 1.037583185946189e+01 

1.000000000000000e+02 1.217881894514278e+01 

1.000000000000000e+02 1.129022646221352e+01 

1.000000000000000e+02 1.178569344450032e+01 

1.000000000000000e+02 1.220647380833056e+01 

1.000000000000000e+02 1.100680952791597e+01 

1.000000000000000e+02 1.170706844436231e+01 

1.000000000000000e+02 1.165805026526272e+01 

1.000000000000000e+02 1.187880951931692e+01 

1.000000000000000e+02 1.134156056900069e+01 

1.000000000000000e+02 1.170390211171421e+01 

1.000000000000000e+02 1.102741268843074e+01 

1.000000000000000e+02 1.227727679128050e+01 

1.000000000000000e+02 1.216728311981933e+01 

1.000000000000000e+02 1.062433080800960e+01 

1.000000000000000e+02 1.069888075968206e+01 

1.000000000000000e+02 1.095918112871654e+01 

1.000000000000000e+02 1.250830058581648e+01 

1.000000000000000e+02 1.140679884858661e+01 

1.000000000000000e+02 1.143211010466733e+01 

1.000000000000000e+02 1.050456174654838e+01 

1.000000000000000e+02 1.111762555565204e+01 

1.000000000000000e+02 1.124007536464237e+01 

1.000000000000000e+02 1.085290007449325e+01 

1.000000000000000e+02 1.139954315516134e+01 

1.000000000000000e+02 1.100197827234579e+01 

1.000000000000000e+02 1.139581350565284e+01 

1.000000000000000e+02 1.119701809225982e+01 

1.000000000000000e+02 1.241272966255794e+01 

1.000000000000000e+02 1.163043270616097e+01 

1.000000000000000e+02 1.265769169060749e+01 

1.000000000000000e+02 1.110581117505623e+01 

1.000000000000000e+02 1.102312293577886e+01 

1.000000000000000e+02 1.109352381834728e+01 

1.000000000000000e+02 1.155571814933863e+01 

1.000000000000000e+02 1.223788244099137e+01 

1.000000000000000e+02 1.107568919679191e+01 

1.000000000000000e+02 1.150539998711971e+01 

1.000000000000000e+02 1.121779150521902e+01 

1.000000000000000e+02 1.189772802493276e+01 

1.000000000000000e+02 1.144565978359103e+01 

1.000000000000000e+02 1.122008883069314e+01 

1.000000000000000e+02 1.155364483406814e+01 

1.000000000000000e+02 1.109384432052842e+01 

1.000000000000000e+02 1.193364135141007e+01 

1.000000000000000e+02 1.232854848909094e+01 

1.000000000000000e+02 1.241382886114329e+01 

1.000000000000000e+02 1.253586756615568e+01 

1.000000000000000e+02 1.151084375729831e+01 

1.000000000000000e+02 1.128862647995151e+01 
