
1.000000000000000e+02 1.183950106922273e+01 

1.000000000000000e+02 1.088100978460153e+01 

1.000000000000000e+02 1.163800914263613e+01 

1.000000000000000e+02 1.164036080558250e+01 

1.000000000000000e+02 1.183600390367258e+01 

1.000000000000000e+02 1.168780704869916e+01 

1.000000000000000e+02 1.184988088414763e+01 

1.000000000000000e+02 1.111321694274372e+01 

1.000000000000000e+02 1.107813277917047e+01 

1.000000000000000e+02 1.160161266466662e+01 

1.000000000000000e+02 1.219272824914435e+01 

1.000000000000000e+02 1.117817666768987e+01 

1.000000000000000e+02 1.115545656544777e+01 

1.000000000000000e+02 1.176724582563009e+01 

1.000000000000000e+02 1.123006340040768e+01 

1.000000000000000e+02 1.112769884659783e+01 

1.000000000000000e+02 1.209868180514713e+01 

1.000000000000000e+02 1.118541050733149e+01 

1.000000000000000e+02 1.111131794422935e+01 

1.000000000000000e+02 1.190879442703419e+01 

1.000000000000000e+02 1.166842860039134e+01 

1.000000000000000e+02 1.153484355095907e+01 

1.000000000000000e+02 1.130501493704936e+01 

1.000000000000000e+02 1.169648964497208e+01 

1.000000000000000e+02 1.149778046719993e+01 

1.000000000000000e+02 1.173364873707727e+01 

1.000000000000000e+02 1.122205570858741e+01 

1.000000000000000e+02 1.211177698132380e+01 

1.000000000000000e+02 1.095992231782970e+01 

1.000000000000000e+02 1.121797273443036e+01 

1.000000000000000e+02 1.058983309937345e+01 

1.000000000000000e+02 1.127291058022727e+01 

1.000000000000000e+02 1.143453040531107e+01 

1.000000000000000e+02 1.120029661961666e+01 

1.000000000000000e+02 1.112031321365344e+01 

1.000000000000000e+02 1.148960405006671e+01 

1.000000000000000e+02 1.148766194452779e+01 

1.000000000000000e+02 1.128142912949736e+01 

1.000000000000000e+02 1.196445633654332e+01 

1.000000000000000e+02 1.217398001695751e+01 

1.000000000000000e+02 1.174063278033124e+01 

1.000000000000000e+02 1.163593019422457e+01 

1.000000000000000e+02 1.152035741375806e+01 

1.000000000000000e+02 1.119527839911128e+01 

1.000000000000000e+02 1.062268000040878e+01 

1.000000000000000e+02 1.056079494395000e+01 

1.000000000000000e+02 1.167882409673933e+01 

1.000000000000000e+02 1.151199853336306e+01 

1.000000000000000e+02 1.132214041745507e+01 

1.000000000000000e+02 1.119420170269252e+01 

1.000000000000000e+02 1.130699536976341e+01 

1.000000000000000e+02 1.181001485743528e+01 

1.000000000000000e+02 1.160218308007681e+01 

1.000000000000000e+02 1.130558527232174e+01 

1.000000000000000e+02 1.015600794907270e+01 

1.000000000000000e+02 1.134207499027077e+01 

1.000000000000000e+02 1.150498271495770e+01 

1.000000000000000e+02 1.195395116295092e+01 

1.000000000000000e+02 1.135638091291874e+01 

1.000000000000000e+02 1.122531099855092e+01 

1.000000000000000e+02 1.185606250534649e+01 

1.000000000000000e+02 1.111937034278189e+01 

1.000000000000000e+02 1.105123690716945e+01 

1.000000000000000e+02 1.146913097104338e+01 

1.000000000000000e+02 1.143445512117361e+01 

1.000000000000000e+02 1.155476589561118e+01 

1.000000000000000e+02 1.122090797677973e+01 

1.000000000000000e+02 1.212135526234646e+01 

1.000000000000000e+02 1.113101597858772e+01 

1.000000000000000e+02 1.135316075698228e+01 

1.000000000000000e+02 1.116285819266074e+01 

1.000000000000000e+02 1.166347910107289e+01 

1.000000000000000e+02 1.156707312729398e+01 

1.000000000000000e+02 1.125458018442464e+01 

1.000000000000000e+02 1.111309857276276e+01 

1.000000000000000e+02 1.145059041013317e+01 

1.000000000000000e+02 1.143691756260259e+01 

1.000000000000000e+02 1.146739502236756e+01 

1.000000000000000e+02 1.181835656346402e+01 

1.000000000000000e+02 1.085922469482584e+01 

1.000000000000000e+02 1.113608441697958e+01 

1.000000000000000e+02 1.107641907270535e+01 

1.000000000000000e+02 1.065257361959980e+01 

1.000000000000000e+02 1.130675470679322e+01 

1.000000000000000e+02 1.157137370360590e+01 

1.000000000000000e+02 1.114477318503574e+01 

1.000000000000000e+02 1.168875636064333e+01 

1.000000000000000e+02 1.170748833656490e+01 

1.000000000000000e+02 1.125214952047206e+01 

1.000000000000000e+02 1.188408176939758e+01 

1.000000000000000e+02 1.174241133792162e+01 

1.000000000000000e+02 1.130866258401463e+01 

1.000000000000000e+02 1.126579908445768e+01 

1.000000000000000e+02 1.125281956023263e+01 

1.000000000000000e+02 1.088539999505444e+01 

1.000000000000000e+02 1.125421516426180e+01 

1.000000000000000e+02 1.135155789454822e+01 

1.000000000000000e+02 1.143209176123857e+01 

1.000000000000000e+02 1.222141029764845e+01 

1.000000000000000e+02 1.168175152126795e+01 

1.000000000000000e+02 1.108728044396039e+01 

1.000000000000000e+02 1.127875538350126e+01 

1.000000000000000e+02 1.180032878213336e+01 

1.000000000000000e+02 1.199812549070139e+01 

1.000000000000000e+02 1.160996758954866e+01 

1.000000000000000e+02 1.124825000032892e+01 

1.000000000000000e+02 1.124174384172455e+01 

1.000000000000000e+02 1.149768069432755e+01 

1.000000000000000e+02 1.169106251118566e+01 

1.000000000000000e+02 1.160836673925080e+01 

1.000000000000000e+02 1.150719716469126e+01 

1.000000000000000e+02 1.132762382952663e+01 

1.000000000000000e+02 1.148238061520621e+01 

1.000000000000000e+02 1.174414062053214e+01 

1.000000000000000e+02 1.143485652697192e+01 

1.000000000000000e+02 1.148567575157165e+01 

1.000000000000000e+02 1.130759335828144e+01 

1.000000000000000e+02 1.136727838640965e+01 

1.000000000000000e+02 1.108930693542111e+01 

1.000000000000000e+02 1.136448758163748e+01 

1.000000000000000e+02 1.092907648612180e+01 

1.000000000000000e+02 1.168921345167662e+01 

1.000000000000000e+02 1.142854204870054e+01 

1.000000000000000e+02 1.130504175828087e+01 

1.000000000000000e+02 1.097215137494472e+01 

1.000000000000000e+02 1.188318155658642e+01 

1.000000000000000e+02 1.219018074708996e+01 

1.000000000000000e+02 1.179635131425612e+01 

1.000000000000000e+02 1.155910995354109e+01 

1.000000000000000e+02 1.155937119607312e+01 

1.000000000000000e+02 1.225243807963453e+01 

1.000000000000000e+02 1.157462617952516e+01 

1.000000000000000e+02 1.172823026505229e+01 

1.000000000000000e+02 1.118173769787967e+01 

1.000000000000000e+02 1.132018322079040e+01 

1.000000000000000e+02 1.132381195067227e+01 

1.000000000000000e+02 1.175557542788337e+01 

1.000000000000000e+02 1.176610735201133e+01 

1.000000000000000e+02 1.163265096316239e+01 

1.000000000000000e+02 1.159265682570534e+01 

1.000000000000000e+02 1.168400585700227e+01 

1.000000000000000e+02 1.210823537479781e+01 

1.000000000000000e+02 1.107411610985920e+01 

1.000000000000000e+02 1.152737228766652e+01 

1.000000000000000e+02 1.213908023810104e+01 

1.000000000000000e+02 1.168027443858927e+01 

1.000000000000000e+02 1.201622677445377e+01 

1.000000000000000e+02 1.132117797425827e+01 

1.000000000000000e+02 1.111608284460693e+01 

1.000000000000000e+02 1.116879132290587e+01 

1.000000000000000e+02 1.133300141471011e+01 

1.000000000000000e+02 1.192951531880436e+01 

1.000000000000000e+02 1.196221511516299e+01 

1.000000000000000e+02 1.164172824723186e+01 

1.000000000000000e+02 1.067087820554695e+01 

1.000000000000000e+02 1.097753148979980e+01 

1.000000000000000e+02 1.169217521181597e+01 

1.000000000000000e+02 1.155985019607373e+01 

1.000000000000000e+02 1.153032665490505e+01 

1.000000000000000e+02 1.222687922901395e+01 

1.000000000000000e+02 1.135157000984440e+01 

1.000000000000000e+02 1.213349722720343e+01 

1.000000000000000e+02 1.114501836886414e+01 

1.000000000000000e+02 1.129068093930499e+01 

1.000000000000000e+02 1.163025909282912e+01 

1.000000000000000e+02 1.138395114441971e+01 

1.000000000000000e+02 1.133870014983592e+01 

1.000000000000000e+02 1.070862620438769e+01 

1.000000000000000e+02 1.102670333934345e+01 

1.000000000000000e+02 1.131625119864286e+01 

1.000000000000000e+02 1.137002222802908e+01 

1.000000000000000e+02 1.128365345579876e+01 

1.000000000000000e+02 1.125369886430745e+01 

1.000000000000000e+02 1.174623275707474e+01 

1.000000000000000e+02 1.088785714172940e+01 

1.000000000000000e+02 1.132349230384430e+01 

1.000000000000000e+02 1.144855239184348e+01 

1.000000000000000e+02 1.128073941166509e+01 

1.000000000000000e+02 1.093284374254703e+01 

1.000000000000000e+02 1.078659069756057e+01 

1.000000000000000e+02 1.181345515397004e+01 

1.000000000000000e+02 1.136303637705033e+01 

1.000000000000000e+02 1.187405261372980e+01 

1.000000000000000e+02 1.119903687993403e+01 

1.000000000000000e+02 1.176361384100867e+01 

1.000000000000000e+02 1.153814412924635e+01 

1.000000000000000e+02 1.151783974141159e+01 

1.000000000000000e+02 1.152496243561826e+01 

1.000000000000000e+02 1.156929249207755e+01 

1.000000000000000e+02 1.137362570706000e+01 

1.000000000000000e+02 1.137536777075535e+01 

1.000000000000000e+02 1.126507778776680e+01 

1.000000000000000e+02 1.124287982578891e+01 

1.000000000000000e+02 1.110754644750057e+01 

1.000000000000000e+02 1.118035195165331e+01 

1.000000000000000e+02 1.107731648328540e+01 

1.000000000000000e+02 1.109260610367789e+01 

1.000000000000000e+02 1.209520833939423e+01 

1.000000000000000e+02 1.207036908780661e+01 

1.000000000000000e+02 1.132960326084268e+01 

1.000000000000000e+02 1.127923080708581e+01 

1.000000000000000e+02 1.144058017824814e+01 

1.000000000000000e+02 1.142042996725416e+01 

1.000000000000000e+02 1.206389583730025e+01 

1.000000000000000e+02 1.136380898081146e+01 

1.000000000000000e+02 1.154587100471746e+01 

1.000000000000000e+02 1.117143665377542e+01 

1.000000000000000e+02 1.185377284473250e+01 

1.000000000000000e+02 1.099309139947137e+01 

1.000000000000000e+02 1.134385034195967e+01 

1.000000000000000e+02 1.187088073892585e+01 

1.000000000000000e+02 1.195344815966250e+01 

1.000000000000000e+02 1.184891666151503e+01 

1.000000000000000e+02 1.129457153507919e+01 

1.000000000000000e+02 1.125195867386734e+01 

1.000000000000000e+02 1.164396420369508e+01 

1.000000000000000e+02 1.197543935797825e+01 

1.000000000000000e+02 1.122150458091435e+01 

1.000000000000000e+02 1.036677631202397e+01 

1.000000000000000e+02 1.131663716419708e+01 

1.000000000000000e+02 1.170338778400872e+01 

1.000000000000000e+02 1.144838373466944e+01 

1.000000000000000e+02 1.201134572641187e+01 

1.000000000000000e+02 1.134211275786931e+01 

1.000000000000000e+02 1.130214812215784e+01 

1.000000000000000e+02 1.162411730350534e+01 

1.000000000000000e+02 1.163429918510720e+01 

1.000000000000000e+02 1.150485635851881e+01 

1.000000000000000e+02 1.183855680444184e+01 

1.000000000000000e+02 1.191394021372727e+01 

1.000000000000000e+02 1.157508928874025e+01 

1.000000000000000e+02 1.101194162355620e+01 

1.000000000000000e+02 1.120518169147672e+01 

1.000000000000000e+02 1.166744750499609e+01 

1.000000000000000e+02 1.132115264484189e+01 

1.000000000000000e+02 1.149571299648094e+01 

1.000000000000000e+02 1.103786366479170e+01 

1.000000000000000e+02 1.218407794029405e+01 

1.000000000000000e+02 1.130126865532814e+01 

1.000000000000000e+02 1.097375367358073e+01 

1.000000000000000e+02 1.155536072285649e+01 

1.000000000000000e+02 1.116556744330500e+01 

1.000000000000000e+02 1.157896292785194e+01 

1.000000000000000e+02 1.103778188721004e+01 

1.000000000000000e+02 1.068661169081690e+01 

1.000000000000000e+02 1.150895012434738e+01 

1.000000000000000e+02 1.171981641507302e+01 

1.000000000000000e+02 1.156089607946475e+01 

1.000000000000000e+02 1.197845161555698e+01 

1.000000000000000e+02 1.167968331868098e+01 

1.000000000000000e+02 1.155615954493200e+01 

1.000000000000000e+02 1.129720990500320e+01 

1.000000000000000e+02 1.175737566202111e+01 

1.000000000000000e+02 1.158453071912105e+01 

1.000000000000000e+02 1.107919812746524e+01 

1.000000000000000e+02 1.143204085647921e+01 

1.000000000000000e+02 1.103275094225911e+01 

1.000000000000000e+02 1.117392913094721e+01 

1.000000000000000e+02 1.104896014410478e+01 

1.000000000000000e+02 1.108659334726036e+01 
