
1.000000000000000e+02 1.124133398655430e+01 

1.000000000000000e+02 1.163570146136941e+01 

1.000000000000000e+02 1.071962542781104e+01 

1.000000000000000e+02 1.092853350614686e+01 

1.000000000000000e+02 1.296653372758226e+01 

1.000000000000000e+02 1.044325000190312e+01 

1.000000000000000e+02 1.154080893766408e+01 

1.000000000000000e+02 1.081268069715551e+01 

1.000000000000000e+02 1.169794859256807e+01 

1.000000000000000e+02 1.157371973991209e+01 

1.000000000000000e+02 1.150034971463658e+01 

1.000000000000000e+02 1.126264880951879e+01 

1.000000000000000e+02 -nan 

1.000000000000000e+02 1.175181472904766e+01 

1.000000000000000e+02 1.156444280026105e+01 

1.000000000000000e+02 1.140603978135678e+01 

1.000000000000000e+02 1.079419532630929e+01 

1.000000000000000e+02 1.141575348044606e+01 

1.000000000000000e+02 1.075232780932353e+01 

1.000000000000000e+02 1.168030010304800e+01 

1.000000000000000e+02 1.218020686144802e+01 

1.000000000000000e+02 1.165040027740575e+01 

1.000000000000000e+02 1.225467529623023e+01 

1.000000000000000e+02 1.179713068225552e+01 

1.000000000000000e+02 1.115213243805543e+01 

1.000000000000000e+02 1.148852194966131e+01 

1.000000000000000e+02 1.045548235529075e+01 

1.000000000000000e+02 1.149807594034507e+01 

1.000000000000000e+02 1.205779139716578e+01 

1.000000000000000e+02 1.085732324461253e+01 

1.000000000000000e+02 1.099388036876664e+01 

1.000000000000000e+02 1.068122321083609e+01 

1.000000000000000e+02 1.175636904533293e+01 

1.000000000000000e+02 1.123631336035586e+01 

1.000000000000000e+02 1.078878428346038e+01 

1.000000000000000e+02 1.167102916638073e+01 

1.000000000000000e+02 1.187938095274451e+01 

1.000000000000000e+02 1.196753996448195e+01 

1.000000000000000e+02 1.169670578542801e+01 

1.000000000000000e+02 1.235968228819530e+01 

1.000000000000000e+02 1.151451260754349e+01 

1.000000000000000e+02 1.204734210134643e+01 

1.000000000000000e+02 1.252842634915356e+01 

1.000000000000000e+02 1.156541667154372e+01 

1.000000000000000e+02 1.128447023649169e+01 

1.000000000000000e+02 1.103995249414043e+01 

1.000000000000000e+02 1.152597591976971e+01 

1.000000000000000e+02 1.065157339970618e+01 

1.000000000000000e+02 1.142929515660457e+01 

1.000000000000000e+02 1.085577720971440e+01 

1.000000000000000e+02 1.089679166495486e+01 

1.000000000000000e+02 1.177083927563373e+01 

1.000000000000000e+02 1.103866889470264e+01 

1.000000000000000e+02 1.202779436795351e+01 

1.000000000000000e+02 1.262262498835870e+01 

1.000000000000000e+02 1.153240168499079e+01 

1.000000000000000e+02 1.192649643647854e+01 

1.000000000000000e+02 1.132257936705491e+01 

1.000000000000000e+02 1.076486320930053e+01 

1.000000000000000e+02 1.107587706529506e+01 

1.000000000000000e+02 1.189084523808882e+01 

1.000000000000000e+02 1.158481246232923e+01 

1.000000000000000e+02 1.161282255039244e+01 

1.000000000000000e+02 1.124369139845754e+01 

1.000000000000000e+02 1.111201840288739e+01 

1.000000000000000e+02 1.113512648471121e+01 

1.000000000000000e+02 1.102754761846886e+01 

1.000000000000000e+02 1.133852440601522e+01 

1.000000000000000e+02 1.184252916006902e+01 

1.000000000000000e+02 1.074518927760728e+01 

1.000000000000000e+02 1.100193451359436e+01 

1.000000000000000e+02 1.042892957065746e+01 

1.000000000000000e+02 1.123767856519749e+01 

1.000000000000000e+02 1.109388934186746e+01 

1.000000000000000e+02 1.242051630435984e+01 

1.000000000000000e+02 1.137944557877943e+01 

1.000000000000000e+02 1.225019938463686e+01 

1.000000000000000e+02 1.234621236944425e+01 

1.000000000000000e+02 1.177895388788135e+01 

1.000000000000000e+02 1.115160590173860e+01 

1.000000000000000e+02 1.126010037874632e+01 

1.000000000000000e+02 1.083289299567458e+01 

1.000000000000000e+02 1.218183310701463e+01 

1.000000000000000e+02 1.148129359430233e+01 

1.000000000000000e+02 1.153748064984382e+01 

1.000000000000000e+02 1.155894940594580e+01 

1.000000000000000e+02 1.119127678729680e+01 

1.000000000000000e+02 1.081906844036961e+01 

1.000000000000000e+02 1.188797421965105e+01 

1.000000000000000e+02 1.255029464382420e+01 

1.000000000000000e+02 1.135985565433720e+01 

1.000000000000000e+02 1.252396280425036e+01 

1.000000000000000e+02 1.100170918449890e+01 

1.000000000000000e+02 1.129320337639946e+01 

1.000000000000000e+02 1.141889831518582e+01 

1.000000000000000e+02 1.140769494028841e+01 

1.000000000000000e+02 1.189337975581267e+01 

1.000000000000000e+02 1.086767113208130e+01 

1.000000000000000e+02 1.127493338748027e+01 

1.000000000000000e+02 1.124043750166336e+01 

1.000000000000000e+02 1.090041405973180e+01 

1.000000000000000e+02 1.158276191779526e+01 

1.000000000000000e+02 1.131581399039468e+01 

1.000000000000000e+02 1.159366606190450e+01 

1.000000000000000e+02 1.155160119476679e+01 

1.000000000000000e+02 1.169997092659995e+01 

1.000000000000000e+02 1.084401486601198e+01 

1.000000000000000e+02 1.066329316582131e+01 

1.000000000000000e+02 1.057262260856904e+01 

1.000000000000000e+02 1.110705321069636e+01 

1.000000000000000e+02 1.066318334014900e+01 

1.000000000000000e+02 1.226885059928488e+01 

1.000000000000000e+02 1.171202378897419e+01 

1.000000000000000e+02 1.142712349267703e+01 

1.000000000000000e+02 1.219673778989861e+01 

1.000000000000000e+02 1.168882244306931e+01 

1.000000000000000e+02 1.181588395227199e+01 

1.000000000000000e+02 1.192143551035590e+01 

1.000000000000000e+02 1.194430457267826e+01 

1.000000000000000e+02 1.120017804843381e+01 

1.000000000000000e+02 1.283571230323636e+01 

1.000000000000000e+02 1.044729642868304e+01 

1.000000000000000e+02 1.134120690822642e+01 

1.000000000000000e+02 1.101842328038705e+01 

1.000000000000000e+02 1.153771628368774e+01 

1.000000000000000e+02 1.143971197941238e+01 

1.000000000000000e+02 1.125664583416216e+01 

1.000000000000000e+02 1.206915847318082e+01 

1.000000000000000e+02 1.119945009265688e+01 

1.000000000000000e+02 1.162353373425344e+01 

1.000000000000000e+02 1.110684762937239e+01 

1.000000000000000e+02 1.153694643008445e+01 

1.000000000000000e+02 1.198199582951303e+01 

1.000000000000000e+02 1.139051264489041e+01 

1.000000000000000e+02 1.137611875484895e+01 

1.000000000000000e+02 1.188903958314859e+01 

1.000000000000000e+02 1.150429439026924e+01 

1.000000000000000e+02 1.146791117039094e+01 

1.000000000000000e+02 1.126558739577340e+01 

1.000000000000000e+02 1.198536818872168e+01 

1.000000000000000e+02 1.065867559554967e+01 

1.000000000000000e+02 1.070298783481248e+01 

1.000000000000000e+02 1.141114780796006e+01 

1.000000000000000e+02 1.128557564448460e+01 

1.000000000000000e+02 1.175145499467878e+01 

1.000000000000000e+02 1.294844641777330e+01 

1.000000000000000e+02 1.159439335219884e+01 

1.000000000000000e+02 1.196914458083303e+01 

1.000000000000000e+02 1.139608036158812e+01 

1.000000000000000e+02 1.073150297289316e+01 

1.000000000000000e+02 1.165012442531106e+01 

1.000000000000000e+02 1.074974244323888e+01 

1.000000000000000e+02 1.089068253408865e+01 

1.000000000000000e+02 1.184136310361582e+01 

1.000000000000000e+02 1.244998362376310e+01 

1.000000000000000e+02 1.119455714523552e+01 

1.000000000000000e+02 1.186510020021661e+01 

1.000000000000000e+02 1.167042707888262e+01 

1.000000000000000e+02 1.108630951902350e+01 

1.000000000000000e+02 1.195212496519111e+01 

1.000000000000000e+02 1.151600892723493e+01 

1.000000000000000e+02 1.155553868694797e+01 

1.000000000000000e+02 1.145590576387519e+01 

1.000000000000000e+02 1.204131173198471e+01 

1.000000000000000e+02 1.145445475035542e+01 

1.000000000000000e+02 1.151449999390376e+01 

1.000000000000000e+02 1.086343035016896e+01 

1.000000000000000e+02 1.072237067536934e+01 

1.000000000000000e+02 1.110435119093600e+01 

1.000000000000000e+02 1.119245795798746e+01 

1.000000000000000e+02 1.094268600813082e+01 

1.000000000000000e+02 1.088014979463395e+01 

1.000000000000000e+02 1.099826066266885e+01 

1.000000000000000e+02 1.179546639972141e+01 

1.000000000000000e+02 1.126326725993918e+01 

1.000000000000000e+02 1.196019222964811e+01 

1.000000000000000e+02 1.179154714638069e+01 

1.000000000000000e+02 1.073069288938549e+01 

1.000000000000000e+02 1.221844246793471e+01 

1.000000000000000e+02 1.170598810628047e+01 

1.000000000000000e+02 1.165675232786620e+01 

1.000000000000000e+02 1.163121881458209e+01 

1.000000000000000e+02 1.207076958824056e+01 

1.000000000000000e+02 1.110950929564742e+01 

1.000000000000000e+02 1.161749107436220e+01 

1.000000000000000e+02 1.178254584366602e+01 

1.000000000000000e+02 1.134697060286346e+01 

1.000000000000000e+02 1.255816825904191e+01 

1.000000000000000e+02 1.205959868609573e+01 

1.000000000000000e+02 1.185448303378716e+01 

1.000000000000000e+02 1.208711180901039e+01 

1.000000000000000e+02 1.125155915461525e+01 

1.000000000000000e+02 1.101743320636256e+01 

1.000000000000000e+02 1.229068332910388e+01 

1.000000000000000e+02 1.108812619436292e+01 

1.000000000000000e+02 1.072126636900558e+01 

1.000000000000000e+02 1.081363831679910e+01 

1.000000000000000e+02 1.092057679494448e+01 

1.000000000000000e+02 1.130048438090253e+01 

1.000000000000000e+02 1.179137908951244e+01 

1.000000000000000e+02 1.179430415487768e+01 

1.000000000000000e+02 1.189179124252434e+01 

1.000000000000000e+02 1.132639392433876e+01 

1.000000000000000e+02 1.078043065655742e+01 

1.000000000000000e+02 1.117563727498801e+01 

1.000000000000000e+02 1.086281745928147e+01 

1.000000000000000e+02 1.203044936947006e+01 

1.000000000000000e+02 1.146285919554710e+01 

1.000000000000000e+02 1.168931650772006e+01 

1.000000000000000e+02 1.112112500606545e+01 

1.000000000000000e+02 1.144674351101631e+01 

1.000000000000000e+02 1.138119339268355e+01 

1.000000000000000e+02 1.155988913862643e+01 

1.000000000000000e+02 1.161410964698449e+01 

1.000000000000000e+02 1.142510983692219e+01 

1.000000000000000e+02 1.046488504378340e+01 

1.000000000000000e+02 1.208992615688561e+01 

1.000000000000000e+02 1.168502677954844e+01 

1.000000000000000e+02 1.095808035492056e+01 

1.000000000000000e+02 1.124416341654861e+01 

1.000000000000000e+02 1.107374999863415e+01 

1.000000000000000e+02 1.303663466444809e+01 

1.000000000000000e+02 1.148230462781792e+01 

1.000000000000000e+02 1.179204168205996e+01 

1.000000000000000e+02 1.112657446325386e+01 

1.000000000000000e+02 1.127147544210897e+01 

1.000000000000000e+02 1.165738989626607e+01 

1.000000000000000e+02 1.119054019996031e+01 

1.000000000000000e+02 1.207204241979610e+01 

1.000000000000000e+02 1.163520244379150e+01 

1.000000000000000e+02 1.163125994138861e+01 

1.000000000000000e+02 1.158572043380461e+01 

1.000000000000000e+02 1.163691751871539e+01 

1.000000000000000e+02 1.238460839571733e+01 

1.000000000000000e+02 1.128734961990155e+01 

1.000000000000000e+02 1.123527778519914e+01 

1.000000000000000e+02 1.275164286862356e+01 

1.000000000000000e+02 1.070506471963351e+01 

1.000000000000000e+02 1.112950744349176e+01 

1.000000000000000e+02 9.790806843837879e+00 

1.000000000000000e+02 -nan 

1.000000000000000e+02 1.112812738163257e+01 

1.000000000000000e+02 1.125174467246989e+01 

1.000000000000000e+02 1.201402678376154e+01 

1.000000000000000e+02 1.164874405331323e+01 

1.000000000000000e+02 1.201918027979414e+01 

1.000000000000000e+02 1.191647222282629e+01 

1.000000000000000e+02 1.123195273754404e+01 

1.000000000000000e+02 1.073366172209649e+01 

1.000000000000000e+02 1.097644765296570e+01 

1.000000000000000e+02 1.114223038215419e+01 

1.000000000000000e+02 1.130562431980940e+01 

1.000000000000000e+02 1.186736093106900e+01 

1.000000000000000e+02 1.158772545556148e+01 

1.000000000000000e+02 1.134023713994301e+01 

1.000000000000000e+02 1.057067858264539e+01 

1.000000000000000e+02 1.165243452487816e+01 

1.000000000000000e+02 1.101599021823655e+01 

1.000000000000000e+02 1.198251416801116e+01 

1.000000000000000e+02 1.093816937554253e+01 
