
1.000000000000000e+02 1.107112499286747e+01 

1.000000000000000e+02 1.119720239582298e+01 

1.000000000000000e+02 1.106608339150552e+01 

1.000000000000000e+02 1.077281345862577e+01 

1.000000000000000e+02 1.221277492600211e+01 

1.000000000000000e+02 1.176545904664846e+01 

1.000000000000000e+02 1.161441623505562e+01 

1.000000000000000e+02 1.086469533366997e+01 

1.000000000000000e+02 1.110917501688101e+01 

1.000000000000000e+02 1.067035770324700e+01 

1.000000000000000e+02 1.171689658607826e+01 

1.000000000000000e+02 1.161760419607107e+01 

1.000000000000000e+02 -nan 

1.000000000000000e+02 1.224757224140687e+01 

1.000000000000000e+02 1.150453178890877e+01 

1.000000000000000e+02 1.176793895229802e+01 

1.000000000000000e+02 1.199212367692471e+01 

1.000000000000000e+02 1.150065438855908e+01 

1.000000000000000e+02 1.198579392991641e+01 

1.000000000000000e+02 1.121326925799698e+01 

1.000000000000000e+02 1.157831531643278e+01 

1.000000000000000e+02 1.139420693701894e+01 

1.000000000000000e+02 1.335667641904491e+01 

1.000000000000000e+02 1.136450722889787e+01 

1.000000000000000e+02 1.198802486320037e+01 

1.000000000000000e+02 1.181753882604673e+01 

1.000000000000000e+02 1.201482692498579e+01 

1.000000000000000e+02 1.169581933530798e+01 

1.000000000000000e+02 1.183956881587476e+01 

1.000000000000000e+02 1.190844865426959e+01 

1.000000000000000e+02 1.125234088571547e+01 

1.000000000000000e+02 1.188594818187734e+01 

1.000000000000000e+02 1.148314348540678e+01 

1.000000000000000e+02 -nan 

1.000000000000000e+02 1.198314583301691e+01 

1.000000000000000e+02 1.186414207173516e+01 

1.000000000000000e+02 1.147638179252423e+01 

1.000000000000000e+02 1.177606566004527e+01 

1.000000000000000e+02 1.157232816517787e+01 

1.000000000000000e+02 1.242664536800175e+01 

1.000000000000000e+02 1.226715140419655e+01 

1.000000000000000e+02 1.215027862720661e+01 

1.000000000000000e+02 1.249611363808599e+01 

1.000000000000000e+02 1.237787485122681e+01 

1.000000000000000e+02 1.133066932317925e+01 

1.000000000000000e+02 1.141122542202179e+01 

1.000000000000000e+02 1.186958868616016e+01 

1.000000000000000e+02 1.218043066630773e+01 

1.000000000000000e+02 1.153978371050059e+01 

1.000000000000000e+02 1.139903315044616e+01 

1.000000000000000e+02 1.160471480798332e+01 

1.000000000000000e+02 1.167902090407762e+01 

1.000000000000000e+02 1.277907915711230e+01 

1.000000000000000e+02 1.169532613158217e+01 

1.000000000000000e+02 1.190794185866871e+01 

1.000000000000000e+02 1.160648580031382e+01 

1.000000000000000e+02 1.214921518085692e+01 

1.000000000000000e+02 1.162671552725411e+01 

1.000000000000000e+02 1.265399274819972e+01 

1.000000000000000e+02 -nan 

1.000000000000000e+02 -nan 

1.000000000000000e+02 1.227125167261381e+01 

1.000000000000000e+02 1.185617659981625e+01 

1.000000000000000e+02 1.117993837930746e+01 

1.000000000000000e+02 1.208974218343584e+01 

1.000000000000000e+02 1.130826052359238e+01 

1.000000000000000e+02 1.152699935865881e+01 

1.000000000000000e+02 1.178272585189540e+01 

1.000000000000000e+02 1.188860527988255e+01 

1.000000000000000e+02 1.207807925402082e+01 

1.000000000000000e+02 1.163867442183060e+01 

1.000000000000000e+02 1.141559345697992e+01 

1.000000000000000e+02 1.206347336697108e+01 

1.000000000000000e+02 1.229499995708465e+01 

1.000000000000000e+02 1.223799991607666e+01 

1.000000000000000e+02 1.208280410725178e+01 

1.000000000000000e+02 1.180780761452803e+01 

1.000000000000000e+02 1.182318748533856e+01 

1.000000000000000e+02 1.152718482846683e+01 

1.000000000000000e+02 1.167157963752758e+01 

1.000000000000000e+02 1.210972993165953e+01 

1.000000000000000e+02 1.108713408824053e+01 

1.000000000000000e+02 1.148176409605632e+01 

1.000000000000000e+02 1.211986219309999e+01 

1.000000000000000e+02 1.081959256726867e+01 

1.000000000000000e+02 1.251818674731163e+01 

1.000000000000000e+02 1.181620412119523e+01 

1.000000000000000e+02 1.151019628056483e+01 

1.000000000000000e+02 1.160687848557487e+01 

1.000000000000000e+02 1.198651227263357e+01 

1.000000000000000e+02 1.126362478733063e+01 

1.000000000000000e+02 -nan 

1.000000000000000e+02 1.132964638976123e+01 

1.000000000000000e+02 1.181781913683070e+01 

1.000000000000000e+02 1.248792187430647e+01 

1.000000000000000e+02 1.203623633738343e+01 

1.000000000000000e+02 -nan 

1.000000000000000e+02 1.169499206826923e+01 

1.000000000000000e+02 1.197268360510885e+01 

1.000000000000000e+02 1.221567184757492e+01 

1.000000000000000e+02 1.114491331895225e+01 

1.000000000000000e+02 1.184343115488550e+01 

1.000000000000000e+02 -nan 

1.000000000000000e+02 1.193162500485832e+01 

1.000000000000000e+02 1.228897417914454e+01 

1.000000000000000e+02 1.118503472698535e+01 

1.000000000000000e+02 1.200026631873846e+01 

1.000000000000000e+02 1.106729606265010e+01 

1.000000000000000e+02 1.176933022755367e+01 

1.000000000000000e+02 1.087691551226233e+01 

1.000000000000000e+02 1.168832553426583e+01 

1.000000000000000e+02 1.140962242373441e+01 

1.000000000000000e+02 1.150643736124310e+01 

1.000000000000000e+02 1.202506071159056e+01 

1.000000000000000e+02 1.123288415926332e+01 

1.000000000000000e+02 1.276194163162836e+01 

1.000000000000000e+02 1.207936290079462e+01 

1.000000000000000e+02 1.154789577000555e+01 

1.000000000000000e+02 1.192435463356015e+01 

1.000000000000000e+02 1.206139752512906e+01 

1.000000000000000e+02 1.214981480108585e+01 

1.000000000000000e+02 -nan 

1.000000000000000e+02 1.281810706001938e+01 

1.000000000000000e+02 1.236653977158203e+01 

1.000000000000000e+02 1.141332591062444e+01 

1.000000000000000e+02 1.131053120890969e+01 

1.000000000000000e+02 1.143971882763227e+01 

1.000000000000000e+02 1.146131387856956e+01 

1.000000000000000e+02 1.156927725626376e+01 

1.000000000000000e+02 1.169313942125315e+01 

1.000000000000000e+02 1.127838118890583e+01 

1.000000000000000e+02 1.189196514098168e+01 

1.000000000000000e+02 1.215348285521655e+01 

1.000000000000000e+02 1.154699038542315e+01 

1.000000000000000e+02 1.142432443412789e+01 

1.000000000000000e+02 1.170141242078688e+01 

1.000000000000000e+02 1.129020605282918e+01 

1.000000000000000e+02 1.229700773094067e+01 

1.000000000000000e+02 1.164120400178999e+01 

1.000000000000000e+02 1.219180962890016e+01 

1.000000000000000e+02 1.169866144905369e+01 

1.000000000000000e+02 1.154387509822845e+01 

1.000000000000000e+02 1.194401832661340e+01 

1.000000000000000e+02 1.197109542165642e+01 

1.000000000000000e+02 1.168335205787209e+01 

1.000000000000000e+02 1.301067910026942e+01 

1.000000000000000e+02 1.173833242756182e+01 

1.000000000000000e+02 1.098640000423086e+01 

1.000000000000000e+02 1.085254856150692e+01 

1.000000000000000e+02 1.042287498711228e+01 

1.000000000000000e+02 1.176059201194362e+01 

1.000000000000000e+02 1.146894646521549e+01 

1.000000000000000e+02 1.162704026085626e+01 

1.000000000000000e+02 1.145450277434606e+01 

1.000000000000000e+02 -nan 

1.000000000000000e+02 1.134795181777785e+01 

1.000000000000000e+02 1.141103700697792e+01 

1.000000000000000e+02 1.156041957276732e+01 

1.000000000000000e+02 1.147761894404313e+01 

1.000000000000000e+02 1.163731774711753e+01 

1.000000000000000e+02 1.119287494818304e+01 

1.000000000000000e+02 1.146381247043268e+01 

1.000000000000000e+02 1.158370329936436e+01 

1.000000000000000e+02 1.149489755452080e+01 

1.000000000000000e+02 1.190313429797736e+01 

1.000000000000000e+02 -nan 

1.000000000000000e+02 1.306601381964766e+01 

1.000000000000000e+02 1.199737656302836e+01 

1.000000000000000e+02 1.178809074251672e+01 

1.000000000000000e+02 -nan 

1.000000000000000e+02 1.242496880144403e+01 

1.000000000000000e+02 1.169244778454445e+01 

1.000000000000000e+02 1.262699903543446e+01 

1.000000000000000e+02 1.154457397013775e+01 

1.000000000000000e+02 1.146980531592165e+01 

1.000000000000000e+02 1.247461106378497e+01 

1.000000000000000e+02 1.231764732556731e+01 

1.000000000000000e+02 1.146952256210226e+01 

1.000000000000000e+02 1.133625456936744e+01 

1.000000000000000e+02 1.122492815034060e+01 

1.000000000000000e+02 1.133481940958069e+01 

1.000000000000000e+02 1.120906697852449e+01 

1.000000000000000e+02 1.136787256836760e+01 

1.000000000000000e+02 1.135984944067917e+01 

1.000000000000000e+02 1.191434998873650e+01 

1.000000000000000e+02 1.115058973431791e+01 

1.000000000000000e+02 1.150864053019342e+01 

1.000000000000000e+02 1.207029930695170e+01 

1.000000000000000e+02 1.189100001538951e+01 

1.000000000000000e+02 1.168044485940497e+01 

1.000000000000000e+02 1.127584298054351e+01 

1.000000000000000e+02 1.134984588010403e+01 

1.000000000000000e+02 -nan 

1.000000000000000e+02 1.264406064327810e+01 

1.000000000000000e+02 1.163231248988059e+01 

1.000000000000000e+02 1.216132903888089e+01 

1.000000000000000e+02 1.192385712833393e+01 

1.000000000000000e+02 1.234207639615499e+01 

1.000000000000000e+02 1.133878202139370e+01 

1.000000000000000e+02 1.129261247218343e+01 

1.000000000000000e+02 1.108029022853649e+01 

1.000000000000000e+02 1.143716666658408e+01 

1.000000000000000e+02 1.114979037297639e+01 

1.000000000000000e+02 1.194168415983446e+01 

1.000000000000000e+02 1.113575694296080e+01 

1.000000000000000e+02 1.147123521419669e+01 

1.000000000000000e+02 1.165639288084903e+01 

1.000000000000000e+02 -nan 

1.000000000000000e+02 1.241664320003992e+01 

1.000000000000000e+02 1.199940159042282e+01 

1.000000000000000e+02 1.147946739845236e+01 

1.000000000000000e+02 -nan 

1.000000000000000e+02 1.178032421460302e+01 

1.000000000000000e+02 1.128466914675996e+01 

1.000000000000000e+02 1.174076350168578e+01 

1.000000000000000e+02 1.227595537049327e+01 

1.000000000000000e+02 1.155233430652788e+01 

1.000000000000000e+02 1.173480707339599e+01 

1.000000000000000e+02 1.160505964696699e+01 

1.000000000000000e+02 1.272481251955425e+01 

1.000000000000000e+02 -nan 

1.000000000000000e+02 1.215847606671171e+01 

1.000000000000000e+02 1.155061431945723e+01 

1.000000000000000e+02 1.157636886053732e+01 

1.000000000000000e+02 1.176930680058507e+01 

1.000000000000000e+02 1.256436330723476e+01 

1.000000000000000e+02 1.135971984759219e+01 

1.000000000000000e+02 1.168172656475765e+01 

1.000000000000000e+02 1.185344998836459e+01 

1.000000000000000e+02 1.125430894910123e+01 

1.000000000000000e+02 1.181566332578623e+01 

1.000000000000000e+02 1.372297917171132e+01 

1.000000000000000e+02 1.160486825877069e+01 

1.000000000000000e+02 1.258785297755556e+01 

1.000000000000000e+02 1.146432541773348e+01 

1.000000000000000e+02 1.174009798346173e+01 

1.000000000000000e+02 1.204232600885494e+01 

1.000000000000000e+02 1.207603176165834e+01 

1.000000000000000e+02 1.268424993753130e+01 

1.000000000000000e+02 1.162595299387001e+01 

1.000000000000000e+02 1.065478483477482e+01 

1.000000000000000e+02 1.156841804746821e+01 

1.000000000000000e+02 1.170561455739100e+01 

1.000000000000000e+02 1.133472729483528e+01 

1.000000000000000e+02 1.212087111794982e+01 

1.000000000000000e+02 1.241885195907810e+01 

1.000000000000000e+02 1.305823610447294e+01 

1.000000000000000e+02 1.133493736892367e+01 

1.000000000000000e+02 1.118954666015255e+01 

1.000000000000000e+02 1.206534622156946e+01 

1.000000000000000e+02 1.180503573162108e+01 

1.000000000000000e+02 1.151810000538446e+01 

1.000000000000000e+02 1.236454129718093e+01 

1.000000000000000e+02 1.174391534924217e+01 

1.000000000000000e+02 1.060862505435944e+01 

1.000000000000000e+02 1.180299240646963e+01 

1.000000000000000e+02 1.148430583481172e+01 

1.000000000000000e+02 1.220729325519650e+01 

1.000000000000000e+02 1.177667815988017e+01 

1.000000000000000e+02 1.160814994572750e+01 

1.000000000000000e+02 -nan 

1.000000000000000e+02 1.196585563916625e+01 

1.000000000000000e+02 1.177307301158559e+01 

1.000000000000000e+02 1.167127317410835e+01 
