
1.000000000000000e+02 1.298461705761694e+01 

1.000000000000000e+02 1.185751874830448e+01 

1.000000000000000e+02 1.259595108809846e+01 

1.000000000000000e+02 1.161448750893777e+01 

1.000000000000000e+02 1.181944682796120e+01 

1.000000000000000e+02 1.162266496087634e+01 

1.000000000000000e+02 1.128141880975205e+01 

1.000000000000000e+02 1.185326828640314e+01 

1.000000000000000e+02 1.257626513552965e+01 

1.000000000000000e+02 1.279105656545289e+01 

1.000000000000000e+02 1.135273396202854e+01 

1.000000000000000e+02 1.189550135421941e+01 

1.000000000000000e+02 1.205100446348175e+01 

1.000000000000000e+02 1.245827367356315e+01 

1.000000000000000e+02 1.312733181416295e+01 

1.000000000000000e+02 1.150795359471289e+01 

1.000000000000000e+02 1.205177413928154e+01 

1.000000000000000e+02 1.172120980563501e+01 

1.000000000000000e+02 1.307474405070434e+01 

1.000000000000000e+02 1.223640972281423e+01 

1.000000000000000e+02 1.114591666346521e+01 

1.000000000000000e+02 1.226967658314528e+01 

1.000000000000000e+02 1.153616667219728e+01 

1.000000000000000e+02 1.196710565562241e+01 

1.000000000000000e+02 1.107208705374440e+01 

1.000000000000000e+02 1.146251123743358e+01 

1.000000000000000e+02 1.342705247186056e+01 

1.000000000000000e+02 1.134115485351442e+01 

1.000000000000000e+02 1.259556280064823e+01 

1.000000000000000e+02 1.157470372861267e+01 

1.000000000000000e+02 1.150027885803835e+01 

1.000000000000000e+02 1.163363674655506e+01 

1.000000000000000e+02 1.183631947305365e+01 

1.000000000000000e+02 1.288217949659555e+01 

1.000000000000000e+02 1.192113789300952e+01 

1.000000000000000e+02 1.136407936471087e+01 

1.000000000000000e+02 1.229787288479765e+01 

1.000000000000000e+02 1.154383109543084e+01 

1.000000000000000e+02 1.250983892472442e+01 

1.000000000000000e+02 1.210924320905037e+01 

1.000000000000000e+02 1.153173035014368e+01 

1.000000000000000e+02 1.240704405009881e+01 

1.000000000000000e+02 1.299493751071501e+01 

1.000000000000000e+02 1.104361830439142e+01 

1.000000000000000e+02 1.069411616887275e+01 

1.000000000000000e+02 1.096137401177582e+01 

1.000000000000000e+02 1.251338765379578e+01 

1.000000000000000e+02 1.098332936943596e+01 

1.000000000000000e+02 1.266207458631195e+01 

1.000000000000000e+02 1.144663762798531e+01 

1.000000000000000e+02 1.227145933046901e+01 

1.000000000000000e+02 1.198134128585518e+01 

1.000000000000000e+02 1.164921205006106e+01 

1.000000000000000e+02 1.293764917694693e+01 

1.000000000000000e+02 1.163370488505413e+01 

1.000000000000000e+02 1.188667775424553e+01 

1.000000000000000e+02 1.157527826678587e+01 

1.000000000000000e+02 1.054433001876302e+01 

1.000000000000000e+02 1.186062019692007e+01 

1.000000000000000e+02 1.318849033116403e+01 

1.000000000000000e+02 1.221835191919434e+01 

1.000000000000000e+02 1.105914993441768e+01 

1.000000000000000e+02 1.236002231882497e+01 

1.000000000000000e+02 1.206066725779184e+01 

1.000000000000000e+02 1.169717016739708e+01 

1.000000000000000e+02 1.208468573118563e+01 

1.000000000000000e+02 1.108440364382782e+01 

1.000000000000000e+02 1.180405817055456e+01 

1.000000000000000e+02 1.078773738191909e+01 

1.000000000000000e+02 1.173548213052560e+01 

1.000000000000000e+02 1.188700297642260e+01 

1.000000000000000e+02 1.199671640808516e+01 

1.000000000000000e+02 1.318798438283214e+01 

1.000000000000000e+02 1.192198333029389e+01 

1.000000000000000e+02 1.182521025159122e+01 

1.000000000000000e+02 1.056216296518699e+01 

1.000000000000000e+02 1.199822768995062e+01 

1.000000000000000e+02 1.059295240186537e+01 

1.000000000000000e+02 1.189650533525855e+01 

1.000000000000000e+02 1.173389798909124e+01 

1.000000000000000e+02 1.341930029193131e+01 

1.000000000000000e+02 1.116957626608156e+01 

1.000000000000000e+02 1.236534226650152e+01 

1.000000000000000e+02 1.158997470565344e+01 

1.000000000000000e+02 1.173388157141117e+01 

1.000000000000000e+02 1.175277619578243e+01 

1.000000000000000e+02 1.195269106342687e+01 

1.000000000000000e+02 1.089489284819454e+01 

1.000000000000000e+02 1.028531549232346e+01 

1.000000000000000e+02 1.192311309916631e+01 

1.000000000000000e+02 1.181916964763760e+01 

1.000000000000000e+02 1.157345774058517e+01 

1.000000000000000e+02 1.223688214505910e+01 

1.000000000000000e+02 1.132217424062858e+01 

1.000000000000000e+02 1.205587908927146e+01 

1.000000000000000e+02 1.122916920533625e+01 

1.000000000000000e+02 1.277735841388138e+01 

1.000000000000000e+02 1.087493524996732e+01 

1.000000000000000e+02 1.137628580121236e+01 

1.000000000000000e+02 1.152226934472983e+01 

1.000000000000000e+02 1.150329315946743e+01 

1.000000000000000e+02 1.238135177634919e+01 

1.000000000000000e+02 1.183836550158092e+01 

1.000000000000000e+02 1.160497395250340e+01 

1.000000000000000e+02 1.078197719936732e+01 

1.000000000000000e+02 1.183210414553399e+01 

1.000000000000000e+02 1.282867113228910e+01 

1.000000000000000e+02 1.189912836296890e+01 

1.000000000000000e+02 1.097260119304401e+01 

1.000000000000000e+02 1.200505437016535e+01 

1.000000000000000e+02 1.274230728511333e+01 

1.000000000000000e+02 1.233432796832639e+01 

1.000000000000000e+02 1.184288043043099e+01 

1.000000000000000e+02 1.210534560042948e+01 

1.000000000000000e+02 1.159800115685491e+01 

1.000000000000000e+02 1.158851163952918e+01 

1.000000000000000e+02 1.095723393975628e+01 

1.000000000000000e+02 1.239397397072474e+01 

1.000000000000000e+02 1.209270565072853e+01 

1.000000000000000e+02 1.240415401330675e+01 

1.000000000000000e+02 1.150913665455325e+01 

1.000000000000000e+02 1.207900838533955e+01 

1.000000000000000e+02 1.117300779346579e+01 

1.000000000000000e+02 1.176359235212391e+01 

1.000000000000000e+02 1.224350371017278e+01 

1.000000000000000e+02 1.142595691096048e+01 

1.000000000000000e+02 1.173689136600335e+01 

1.000000000000000e+02 1.264002857549905e+01 

1.000000000000000e+02 1.192884509200699e+01 

1.000000000000000e+02 1.239457342171753e+01 

1.000000000000000e+02 1.289997890771294e+01 

1.000000000000000e+02 1.167592746571270e+01 

1.000000000000000e+02 1.166079702434758e+01 

1.000000000000000e+02 1.270100197962782e+01 

1.000000000000000e+02 1.289081713178170e+01 

1.000000000000000e+02 1.145688987818865e+01 

1.000000000000000e+02 1.179778174370271e+01 

1.000000000000000e+02 1.100418189064972e+01 

1.000000000000000e+02 1.209693556886725e+01 

1.000000000000000e+02 1.147178787702884e+01 

1.000000000000000e+02 1.197486823174073e+01 

1.000000000000000e+02 1.267615696164000e+01 

1.000000000000000e+02 1.134604712185021e+01 

1.000000000000000e+02 1.187619893500332e+01 

1.000000000000000e+02 1.196974502622816e+01 

1.000000000000000e+02 1.148729984922214e+01 

1.000000000000000e+02 1.157715260858217e+01 

1.000000000000000e+02 1.174816623999153e+01 

1.000000000000000e+02 1.142911643637489e+01 

1.000000000000000e+02 1.114016729157342e+01 

1.000000000000000e+02 1.185789404709600e+01 

1.000000000000000e+02 1.193046714745996e+01 

1.000000000000000e+02 1.059689584160854e+01 

1.000000000000000e+02 1.150388392521574e+01 

1.000000000000000e+02 1.172802499919577e+01 

1.000000000000000e+02 1.127379661182351e+01 

1.000000000000000e+02 1.133480866993069e+01 

1.000000000000000e+02 1.188773393090988e+01 

1.000000000000000e+02 1.266431251026349e+01 

1.000000000000000e+02 1.211964732372113e+01 

1.000000000000000e+02 1.089734225684175e+01 

1.000000000000000e+02 1.226834813908747e+01 

1.000000000000000e+02 1.251012542377883e+01 

1.000000000000000e+02 1.197734375582348e+01 

1.000000000000000e+02 1.194372024016170e+01 

1.000000000000000e+02 1.169782267226491e+01 

1.000000000000000e+02 1.153192037592030e+01 

1.000000000000000e+02 1.116640772279348e+01 

1.000000000000000e+02 -nan 

1.000000000000000e+02 1.135887082759598e+01 

1.000000000000000e+02 1.268251249731948e+01 

1.000000000000000e+02 1.135315476240721e+01 

1.000000000000000e+02 1.248883828709564e+01 

1.000000000000000e+02 1.248169874702965e+01 

1.000000000000000e+02 1.279231203356101e+01 

1.000000000000000e+02 1.269467926473860e+01 

1.000000000000000e+02 1.179062925269789e+01 

1.000000000000000e+02 1.140815848041353e+01 

1.000000000000000e+02 1.117829762549803e+01 

1.000000000000000e+02 1.256954044475085e+01 

1.000000000000000e+02 1.101324639354297e+01 

1.000000000000000e+02 1.204960951919938e+01 

1.000000000000000e+02 1.169076295552121e+01 

1.000000000000000e+02 1.357516599771699e+01 

1.000000000000000e+02 1.270355605250836e+01 

1.000000000000000e+02 1.129361964594328e+01 

1.000000000000000e+02 1.137696215651563e+01 

1.000000000000000e+02 1.207868255225520e+01 

1.000000000000000e+02 1.215536963911145e+01 

1.000000000000000e+02 1.161463284313842e+01 

1.000000000000000e+02 1.314135863881952e+01 

1.000000000000000e+02 1.100928870269532e+01 

1.000000000000000e+02 1.065137151086029e+01 

1.000000000000000e+02 1.124652143375955e+01 

1.000000000000000e+02 1.228827582645260e+01 

1.000000000000000e+02 1.282848808836204e+01 

1.000000000000000e+02 1.234514898224206e+01 

1.000000000000000e+02 1.200218131211514e+01 

1.000000000000000e+02 1.060566220077603e+01 

1.000000000000000e+02 -nan 

1.000000000000000e+02 1.094929166918712e+01 

1.000000000000000e+02 1.062557019109992e+01 

1.000000000000000e+02 1.323915238720298e+01 

1.000000000000000e+02 1.185754208242599e+01 

1.000000000000000e+02 1.086019445364557e+01 

1.000000000000000e+02 1.195357515201236e+01 

1.000000000000000e+02 1.114770683645984e+01 

1.000000000000000e+02 1.266019702469260e+01 

1.000000000000000e+02 1.157633673055759e+01 

1.000000000000000e+02 1.263237275716426e+01 

1.000000000000000e+02 1.067527530520714e+01 

1.000000000000000e+02 1.251319246325793e+01 

1.000000000000000e+02 1.167113527552499e+01 

1.000000000000000e+02 1.213413473748551e+01 

1.000000000000000e+02 1.263901367781997e+01 

1.000000000000000e+02 1.137214352293419e+01 

1.000000000000000e+02 1.215217335699576e+01 

1.000000000000000e+02 1.197360450281775e+01 

1.000000000000000e+02 1.230318631330307e+01 

1.000000000000000e+02 1.165894329332272e+01 

1.000000000000000e+02 1.203839610355452e+01 

1.000000000000000e+02 1.142026786717142e+01 

1.000000000000000e+02 1.266636012802373e+01 

1.000000000000000e+02 1.266261005097087e+01 

1.000000000000000e+02 1.092533258887997e+01 

1.000000000000000e+02 1.104868326180776e+01 

1.000000000000000e+02 1.125442984882717e+01 

1.000000000000000e+02 1.288441411533008e+01 

1.000000000000000e+02 1.186810715183705e+01 

1.000000000000000e+02 1.178845297778607e+01 

1.000000000000000e+02 1.080793713113454e+01 

1.000000000000000e+02 1.143175561759698e+01 

1.000000000000000e+02 1.157748025513682e+01 

1.000000000000000e+02 1.120747311292163e+01 

1.000000000000000e+02 1.171404985373860e+01 

1.000000000000000e+02 1.130193928466398e+01 

1.000000000000000e+02 1.186168850445610e+01 

1.000000000000000e+02 1.150493704257475e+01 

1.000000000000000e+02 1.282088741754288e+01 

1.000000000000000e+02 1.197320192732012e+01 

1.000000000000000e+02 1.308294969941590e+01 

1.000000000000000e+02 1.140360184715402e+01 

1.000000000000000e+02 1.133360871065901e+01 

1.000000000000000e+02 1.143587451487123e+01 

1.000000000000000e+02 1.196256688634765e+01 

1.000000000000000e+02 1.266045982212482e+01 

1.000000000000000e+02 1.139508715576319e+01 

1.000000000000000e+02 1.184865209362820e+01 

1.000000000000000e+02 1.162274284308606e+01 

1.000000000000000e+02 1.228224724607795e+01 

1.000000000000000e+02 1.174872623265132e+01 

1.000000000000000e+02 1.156304807857766e+01 

1.000000000000000e+02 1.197021362864668e+01 

1.000000000000000e+02 1.143254532907777e+01 

1.000000000000000e+02 1.232062648592097e+01 

1.000000000000000e+02 1.277049288397453e+01 

1.000000000000000e+02 1.290883333555021e+01 

1.000000000000000e+02 1.297143003344710e+01 

1.000000000000000e+02 1.188727515664988e+01 

1.000000000000000e+02 1.164312500470187e+01 
