
1.000000000000000e+02 3.566209349104375e-01 

1.000000000000000e+02 4.207720590627432e-01 

1.000000000000000e+02 6.440566039453824e-01 

1.000000000000000e+02 3.162592411740411e-01 

1.000000000000000e+02 2.417469257412529e-01 

1.000000000000000e+02 3.372964874325017e-01 

1.000000000000000e+02 4.909707942620460e-01 

1.000000000000000e+02 5.576983776086081e-01 

1.000000000000000e+02 3.528835979096270e-01 

1.000000000000000e+02 3.644245219381192e-01 

1.000000000000000e+02 2.701945488731975e-01 

1.000000000000000e+02 4.229409549027978e-01 

1.000000000000000e+02 1.659664985663462e-01 

1.000000000000000e+02 3.705129598370503e-01 

1.000000000000000e+02 2.863483203229251e-01 

1.000000000000000e+02 3.339958436397144e-01 

1.000000000000000e+02 3.916548424408517e-01 

1.000000000000000e+02 2.340499997686246e-01 

1.000000000000000e+02 3.486716043409170e-01 

1.000000000000000e+02 2.582266350999219e-01 

1.000000000000000e+02 3.212084433697255e-01 

1.000000000000000e+02 5.673833336060715e-01 

1.000000000000000e+02 2.942595717767455e-01 

1.000000000000000e+02 3.574882222504975e-01 

1.000000000000000e+02 3.400127549596064e-01 

1.000000000000000e+02 2.217144999204734e-01 

1.000000000000000e+02 1.528993162488026e-01 

1.000000000000000e+02 4.340478106906184e-01 

1.000000000000000e+02 5.736928390590507e-01 

1.000000000000000e+02 3.652869092124801e-01 

1.000000000000000e+02 4.519022221363861e-01 

1.000000000000000e+02 3.669802351240821e-01 

1.000000000000000e+02 4.302911187194871e-01 

1.000000000000000e+02 3.013490355609535e-01 

1.000000000000000e+02 2.566224314075242e-01 

1.000000000000000e+02 5.009434618713955e-01 

1.000000000000000e+02 4.982205885005105e-01 

1.000000000000000e+02 4.765330885866149e-01 

1.000000000000000e+02 4.369485017175161e-01 

1.000000000000000e+02 3.589205043473789e-01 

1.000000000000000e+02 3.012784090612889e-01 

1.000000000000000e+02 3.270927421087846e-01 

1.000000000000000e+02 4.429585179643081e-01 

1.000000000000000e+02 3.146270409111241e-01 

1.000000000000000e+02 3.100879965652950e-01 

1.000000000000000e+02 3.964063351624940e-01 

1.000000000000000e+02 4.408028169156492e-01 

1.000000000000000e+02 4.054204119710644e-01 

1.000000000000000e+02 3.079810605001797e-01 

1.000000000000000e+02 4.407080322477471e-01 

1.000000000000000e+02 2.742227938409313e-01 

1.000000000000000e+02 4.142946991951385e-01 

1.000000000000000e+02 3.650536229428415e-01 

1.000000000000000e+02 2.617340352380585e-01 

1.000000000000000e+02 2.348115024593962e-01 

1.000000000000000e+02 2.275454774397193e-01 

1.000000000000000e+02 4.463046877647011e-01 

1.000000000000000e+02 4.863690067821533e-01 

1.000000000000000e+02 2.975768117315435e-01 

1.000000000000000e+02 3.698550487658909e-01 

1.000000000000000e+02 4.002988558708334e-01 

1.000000000000000e+02 4.516995097200034e-01 

1.000000000000000e+02 3.317670703658704e-01 

1.000000000000000e+02 4.643226600359848e-01 

1.000000000000000e+02 3.589689624844022e-01 

1.000000000000000e+02 3.710086063041188e-01 

1.000000000000000e+02 4.174336735377365e-01 

1.000000000000000e+02 4.801636098967448e-01 

1.000000000000000e+02 4.252372882563656e-01 

1.000000000000000e+02 2.932267241949481e-01 

1.000000000000000e+02 3.366151960969601e-01 

1.000000000000000e+02 3.174943692349002e-01 

1.000000000000000e+02 2.410177234838082e-01 

1.000000000000000e+02 3.028988293045883e-01 

1.000000000000000e+02 2.426203893435346e-01 

1.000000000000000e+02 5.216116077221606e-01 

1.000000000000000e+02 3.288678449925862e-01 

1.000000000000000e+02 3.845374015140043e-01 

1.000000000000000e+02 3.408506810954920e-01 

1.000000000000000e+02 3.530987126059077e-01 

1.000000000000000e+02 2.935020970492547e-01 

1.000000000000000e+02 1.808754326777192e-01 

1.000000000000000e+02 4.052825877698121e-01 

1.000000000000000e+02 3.588216781056827e-01 

1.000000000000000e+02 4.159067625210986e-01 

1.000000000000000e+02 2.779603870651631e-01 

1.000000000000000e+02 1.547690737505593e-01 

1.000000000000000e+02 2.238383081310787e-01 

1.000000000000000e+02 3.204992713010414e-01 

1.000000000000000e+02 3.579043477451385e-01 

1.000000000000000e+02 4.373086240259507e-01 

1.000000000000000e+02 4.016266895670513e-01 

1.000000000000000e+02 3.884083845344541e-01 

1.000000000000000e+02 2.829398674198884e-01 

1.000000000000000e+02 3.621082377987589e-01 

1.000000000000000e+02 2.725960266659070e-01 

1.000000000000000e+02 3.063485739851832e-01 

1.000000000000000e+02 3.319014003981348e-01 

1.000000000000000e+02 3.644331552208916e-01 

1.000000000000000e+02 3.913450200655710e-01 

1.000000000000000e+02 4.478352805251650e-01 

1.000000000000000e+02 3.725634982551014e-01 

1.000000000000000e+02 3.900155581758619e-01 

1.000000000000000e+02 2.694661012156139e-01 

1.000000000000000e+02 2.798833732893541e-01 

1.000000000000000e+02 3.324885931673473e-01 

1.000000000000000e+02 3.664246321857489e-01 

1.000000000000000e+02 2.586046647299163e-01 

1.000000000000000e+02 3.052975238947881e-01 

1.000000000000000e+02 3.695622172158939e-01 

1.000000000000000e+02 3.368590639244453e-01 

1.000000000000000e+02 2.554307230018712e-01 

1.000000000000000e+02 2.794737353384895e-01 

1.000000000000000e+02 4.355493420875020e-01 

1.000000000000000e+02 3.939107140329208e-01 

1.000000000000000e+02 2.360398225751492e-01 

1.000000000000000e+02 3.887996030898317e-01 

1.000000000000000e+02 2.731442649523496e-01 

1.000000000000000e+02 3.318701613694005e-01 

1.000000000000000e+02 2.846619648866674e-01 

1.000000000000000e+02 3.710296546800642e-01 

1.000000000000000e+02 2.469622091994687e-01 

1.000000000000000e+02 3.217906346977011e-01 

1.000000000000000e+02 4.650512112117419e-01 

1.000000000000000e+02 3.174469696683155e-01 

1.000000000000000e+02 4.626628789208920e-01 

1.000000000000000e+02 1.725316851797187e-01 

1.000000000000000e+02 4.824845132177589e-01 

1.000000000000000e+02 3.853056192773522e-01 

1.000000000000000e+02 3.121760637837670e-01 

1.000000000000000e+02 3.072616032987375e-01 

1.000000000000000e+02 3.575950892110306e-01 

1.000000000000000e+02 3.499595194100401e-01 

1.000000000000000e+02 3.822418369506759e-01 

1.000000000000000e+02 6.701870625903584e-01 

1.000000000000000e+02 2.491767101248642e-01 

1.000000000000000e+02 2.891314482790708e-01 

1.000000000000000e+02 3.962932153911088e-01 

1.000000000000000e+02 5.146230282409482e-01 

1.000000000000000e+02 4.114196863980069e-01 

1.000000000000000e+02 2.762718840728039e-01 

1.000000000000000e+02 3.178063184838968e-01 

1.000000000000000e+02 4.035877659586174e-01 

1.000000000000000e+02 3.217424118576870e-01 

1.000000000000000e+02 2.384342317486525e-01 

1.000000000000000e+02 2.489375000349771e-01 

1.000000000000000e+02 4.692867645716760e-01 

1.000000000000000e+02 3.318099172723334e-01 

1.000000000000000e+02 5.915323891163774e-01 

1.000000000000000e+02 5.518122622072468e-01 

1.000000000000000e+02 3.500401039531043e-01 

1.000000000000000e+02 3.069973075675145e-01 

1.000000000000000e+02 3.342452289480120e-01 

1.000000000000000e+02 4.901138390027259e-01 

1.000000000000000e+02 4.025160253492086e-01 

1.000000000000000e+02 2.697042023986733e-01 

1.000000000000000e+02 4.911423010048497e-01 

1.000000000000000e+02 5.650656145695951e-01 

1.000000000000000e+02 4.966001020501757e-01 

1.000000000000000e+02 3.025485849394457e-01 

1.000000000000000e+02 6.020157943052471e-01 

1.000000000000000e+02 2.076545936965568e-01 

1.000000000000000e+02 4.098786173563677e-01 

1.000000000000000e+02 5.246019607445053e-01 

1.000000000000000e+02 4.107539433138336e-01 

1.000000000000000e+02 4.565697677184357e-01 

1.000000000000000e+02 3.534831670425286e-01 

1.000000000000000e+02 3.908018133762030e-01 

1.000000000000000e+02 2.583470692714152e-01 

1.000000000000000e+02 3.317086093116258e-01 

1.000000000000000e+02 2.069790969108145e-01 

1.000000000000000e+02 2.434794344199551e-01 

1.000000000000000e+02 2.863930975108844e-01 

1.000000000000000e+02 5.252636090642798e-01 

1.000000000000000e+02 2.631613107488690e-01 

1.000000000000000e+02 2.842318412431932e-01 

1.000000000000000e+02 2.555208331439594e-01 

1.000000000000000e+02 2.726050491417731e-01 

1.000000000000000e+02 2.579144487094079e-01 

1.000000000000000e+02 4.948374207745693e-01 

1.000000000000000e+02 3.952920211045257e-01 

1.000000000000000e+02 2.016348122482116e-01 

1.000000000000000e+02 3.892813763893597e-01 

1.000000000000000e+02 4.994424998909794e-01 

1.000000000000000e+02 3.662900165116443e-01 

1.000000000000000e+02 3.267612453345428e-01 

1.000000000000000e+02 2.729853719330095e-01 

1.000000000000000e+02 2.658259718821019e-01 

1.000000000000000e+02 4.399630584504019e-01 

1.000000000000000e+02 3.179027776199759e-01 

1.000000000000000e+02 3.176936812345147e-01 

1.000000000000000e+02 2.302055026547332e-01 

1.000000000000000e+02 3.191069130545930e-01 

1.000000000000000e+02 1.470605222451054e-01 

1.000000000000000e+02 3.905248163467120e-01 

1.000000000000000e+02 3.472872624391494e-01 

1.000000000000000e+02 3.982240664096748e-01 

1.000000000000000e+02 3.848176405027821e-01 

1.000000000000000e+02 3.088239644593155e-01 

1.000000000000000e+02 3.247432432490315e-01 

1.000000000000000e+02 4.894017858563781e-01 

1.000000000000000e+02 3.516432522934679e-01 

1.000000000000000e+02 3.283290227665853e-01 

1.000000000000000e+02 1.711852677819891e-01 

1.000000000000000e+02 4.496049994155755e-01 

1.000000000000000e+02 3.124096714378815e-01 

1.000000000000000e+02 2.847855808457370e-01 

1.000000000000000e+02 3.308652175103108e-01 

1.000000000000000e+02 2.674119171102158e-01 

1.000000000000000e+02 2.378379627285859e-01 

1.000000000000000e+02 3.569882405136207e-01 

1.000000000000000e+02 2.850617346750984e-01 

1.000000000000000e+02 3.896148649822541e-01 

1.000000000000000e+02 2.799443106814298e-01 

1.000000000000000e+02 4.398375382642465e-01 

1.000000000000000e+02 3.900544514710569e-01 

1.000000000000000e+02 3.113687760989430e-01 

1.000000000000000e+02 2.790952195238257e-01 

1.000000000000000e+02 3.837765147870167e-01 

1.000000000000000e+02 3.979906796624156e-01 

1.000000000000000e+02 3.620915653294030e-01 

1.000000000000000e+02 3.617440068977488e-01 

1.000000000000000e+02 4.169484126485505e-01 

1.000000000000000e+02 5.311772799788386e-01 

1.000000000000000e+02 3.315022810817574e-01 

1.000000000000000e+02 3.590023040101173e-01 

1.000000000000000e+02 3.022868256491356e-01 

1.000000000000000e+02 3.360359844906216e-01 

1.000000000000000e+02 3.045918266216148e-01 

1.000000000000000e+02 4.682776208004453e-01 

1.000000000000000e+02 2.657144941781330e-01 

1.000000000000000e+02 4.189261604918713e-01 

1.000000000000000e+02 2.666492928873182e-01 

1.000000000000000e+02 4.008183535468393e-01 

1.000000000000000e+02 3.763448091666974e-01 

1.000000000000000e+02 1.590350818355254e-01 

1.000000000000000e+02 3.185383736645558e-01 

1.000000000000000e+02 4.717681684618844e-01 

1.000000000000000e+02 4.447523151489813e-01 

1.000000000000000e+02 4.090803571282283e-01 

1.000000000000000e+02 5.938348018683617e-01 

1.000000000000000e+02 5.415911213015271e-01 

1.000000000000000e+02 2.429778878627429e-01 

1.000000000000000e+02 4.742434214383131e-01 

1.000000000000000e+02 3.696254959758574e-01 

1.000000000000000e+02 5.941482181252775e-01 

1.000000000000000e+02 3.539107759452563e-01 

1.000000000000000e+02 2.425637856593492e-01 

1.000000000000000e+02 2.825636041314722e-01 

1.000000000000000e+02 2.941364716041887e-01 

1.000000000000000e+02 3.901183106266730e-01 

1.000000000000000e+02 4.024160506214826e-01 

1.000000000000000e+02 4.031913264216387e-01 

1.000000000000000e+02 4.948942842009201e-01 

1.000000000000000e+02 5.300365608302694e-01 

1.000000000000000e+02 4.121065069756658e-01 

1.000000000000000e+02 3.774220429517403e-01 

1.000000000000000e+02 3.227154340451976e-01 

1.000000000000000e+02 2.761581948499378e-01 

1.000000000000000e+02 2.699175204272533e-01 
