
1.000000000000000e+02 3.698018413298024e-01 

1.000000000000000e+02 2.713093970050523e-01 

1.000000000000000e+02 6.156181447687946e-01 

1.000000000000000e+02 3.165063725016751e-01 

1.000000000000000e+02 3.123902558444351e-01 

1.000000000000000e+02 4.226920957170107e-01 

1.000000000000000e+02 2.849804543837436e-01 

1.000000000000000e+02 3.474569254792877e-01 

1.000000000000000e+02 5.405467596316413e-01 

1.000000000000000e+02 2.291654675408440e-01 

1.000000000000000e+02 3.698664256827525e-01 

1.000000000000000e+02 5.320300523528284e-01 

1.000000000000000e+02 3.272027380290706e-01 

1.000000000000000e+02 4.845324072747770e-01 

1.000000000000000e+02 2.220154593999342e-01 

1.000000000000000e+02 4.963728671723327e-01 

1.000000000000000e+02 4.900081421452607e-01 

1.000000000000000e+02 3.030628493607262e-01 

1.000000000000000e+02 3.624752517665411e-01 

1.000000000000000e+02 2.199325889681958e-01 

1.000000000000000e+02 2.174822761530960e-01 

1.000000000000000e+02 5.557232860987544e-01 

1.000000000000000e+02 4.531041661654911e-01 

1.000000000000000e+02 5.826267364833811e-01 

1.000000000000000e+02 3.564147112508230e-01 

1.000000000000000e+02 2.846367053413046e-01 

1.000000000000000e+02 3.546718746927369e-01 

1.000000000000000e+02 3.397188613264029e-01 

1.000000000000000e+02 6.888745615357854e-01 

1.000000000000000e+02 2.706377465694856e-01 

1.000000000000000e+02 3.621500782888875e-01 

1.000000000000000e+02 2.181410588316922e-01 

1.000000000000000e+02 3.493163355790682e-01 

1.000000000000000e+02 4.678095242539373e-01 

1.000000000000000e+02 4.105342741094616e-01 

1.000000000000000e+02 6.124447876414952e-01 

1.000000000000000e+02 3.825277778499091e-01 

1.000000000000000e+02 4.558093751779163e-01 

1.000000000000000e+02 4.501665194153534e-01 

1.000000000000000e+02 3.580178570808208e-01 

1.000000000000000e+02 4.494367926397885e-01 

1.000000000000000e+02 2.029419855735549e-01 

1.000000000000000e+02 5.046477275274499e-01 

1.000000000000000e+02 5.486984574176256e-01 

1.000000000000000e+02 2.596014056311826e-01 

1.000000000000000e+02 5.184750002838820e-01 

1.000000000000000e+02 2.000934208953106e-01 

1.000000000000000e+02 2.587530634402108e-01 

1.000000000000000e+02 2.721046004508809e-01 

1.000000000000000e+02 4.275588490439887e-01 

1.000000000000000e+02 2.099096974576203e-01 

1.000000000000000e+02 3.141952635351430e-01 

1.000000000000000e+02 3.935013889437683e-01 

1.000000000000000e+02 4.392388886395324e-01 

1.000000000000000e+02 2.043242188164700e-01 

1.000000000000000e+02 4.423441875685476e-01 

1.000000000000000e+02 2.701774473411600e-01 

1.000000000000000e+02 4.360022160377507e-01 

1.000000000000000e+02 1.949606331416119e-01 

1.000000000000000e+02 5.845933914810640e-01 

1.000000000000000e+02 2.524865739977200e-01 

1.000000000000000e+02 4.366277774794543e-01 

1.000000000000000e+02 2.278999138265123e-01 

1.000000000000000e+02 5.338922264748094e-01 

1.000000000000000e+02 1.904394529555653e-01 

1.000000000000000e+02 3.201954222126028e-01 

1.000000000000000e+02 2.530464045080275e-01 

1.000000000000000e+02 3.561334748956309e-01 

1.000000000000000e+02 3.861670963963316e-01 

1.000000000000000e+02 2.079042095237258e-01 

1.000000000000000e+02 3.600868288328152e-01 

1.000000000000000e+02 4.312959017689973e-01 

1.000000000000000e+02 2.796320173302944e-01 

1.000000000000000e+02 2.716277170171202e-01 

1.000000000000000e+02 4.030491248541858e-01 

1.000000000000000e+02 3.836833639412228e-01 

1.000000000000000e+02 1.997096493610820e-01 

1.000000000000000e+02 3.691394069500471e-01 

1.000000000000000e+02 2.024587458031543e-01 

1.000000000000000e+02 2.607713065491409e-01 

1.000000000000000e+02 3.173024807668414e-01 

1.000000000000000e+02 2.993144226332438e-01 

1.000000000000000e+02 3.832916663925868e-01 

1.000000000000000e+02 4.397412206239640e-01 

1.000000000000000e+02 4.356330233638333e-01 

1.000000000000000e+02 3.974684467868178e-01 

1.000000000000000e+02 4.351838233949107e-01 

1.000000000000000e+02 2.604137205264713e-01 

1.000000000000000e+02 2.486489661093705e-01 

1.000000000000000e+02 2.583818427509960e-01 

1.000000000000000e+02 3.164430691464297e-01 

1.000000000000000e+02 5.639311226945879e-01 

1.000000000000000e+02 3.286012715076513e-01 

1.000000000000000e+02 3.602717226803368e-01 

1.000000000000000e+02 6.274908854264728e-01 

1.000000000000000e+02 2.963543957160741e-01 

1.000000000000000e+02 2.996850355885984e-01 

1.000000000000000e+02 4.045591637412355e-01 

1.000000000000000e+02 3.804335318033228e-01 

1.000000000000000e+02 3.971794672937372e-01 

1.000000000000000e+02 4.228778301826066e-01 

1.000000000000000e+02 5.831128359044603e-01 

1.000000000000000e+02 3.320521978395065e-01 

1.000000000000000e+02 1.995943876038443e-01 

1.000000000000000e+02 3.974445394523430e-01 

1.000000000000000e+02 3.975133271818086e-01 

1.000000000000000e+02 5.169353593166245e-01 

1.000000000000000e+02 2.697667222917787e-01 

1.000000000000000e+02 2.805079225790983e-01 

1.000000000000000e+02 3.850590277126577e-01 

1.000000000000000e+02 2.150743126266747e-01 

1.000000000000000e+02 2.541896553306900e-01 

1.000000000000000e+02 2.656333332190697e-01 

1.000000000000000e+02 2.949763510050642e-01 

1.000000000000000e+02 2.304282094653798e-01 

1.000000000000000e+02 2.989955358267791e-01 

1.000000000000000e+02 4.020071177681672e-01 

1.000000000000000e+02 3.280918208512659e-01 

1.000000000000000e+02 3.124047616773693e-01 

1.000000000000000e+02 3.514258718233899e-01 

1.000000000000000e+02 4.204130825389745e-01 

1.000000000000000e+02 4.161500004313347e-01 

1.000000000000000e+02 3.692802578091040e-01 

1.000000000000000e+02 4.456904527666388e-01 

1.000000000000000e+02 3.571579164640047e-01 

1.000000000000000e+02 7.020582190318413e-01 

1.000000000000000e+02 3.498703546984810e-01 

1.000000000000000e+02 4.329281133965523e-01 

1.000000000000000e+02 2.154677010222595e-01 

1.000000000000000e+02 3.767204626195812e-01 

1.000000000000000e+02 2.013248297525181e-01 

1.000000000000000e+02 2.295041920492291e-01 

1.000000000000000e+02 3.373872282496313e-01 

1.000000000000000e+02 3.356280809850692e-01 

1.000000000000000e+02 4.444459932775210e-01 

1.000000000000000e+02 6.208127114101757e-01 

1.000000000000000e+02 3.061873109003165e-01 

1.000000000000000e+02 4.449808396444647e-01 

1.000000000000000e+02 3.073113959006916e-01 

1.000000000000000e+02 4.168110688906371e-01 

1.000000000000000e+02 3.059983278891686e-01 

1.000000000000000e+02 4.227335991746969e-01 

1.000000000000000e+02 5.221333029298979e-01 

1.000000000000000e+02 2.993256116899319e-01 

1.000000000000000e+02 2.855007957049275e-01 

1.000000000000000e+02 3.462267078007967e-01 

1.000000000000000e+02 5.060708764173162e-01 

1.000000000000000e+02 3.071294326454304e-01 

1.000000000000000e+02 3.776520391898788e-01 

1.000000000000000e+02 5.779218747799288e-01 

1.000000000000000e+02 5.834537668293539e-01 

1.000000000000000e+02 5.049187065577394e-01 

1.000000000000000e+02 3.186037906373914e-01 

1.000000000000000e+02 2.722731642033881e-01 

1.000000000000000e+02 3.895567404961925e-01 

1.000000000000000e+02 2.601859208586524e-01 

1.000000000000000e+02 3.177576794164606e-01 

1.000000000000000e+02 6.572083327309294e-01 

1.000000000000000e+02 4.305770295049302e-01 

1.000000000000000e+02 3.528608399574605e-01 

1.000000000000000e+02 3.598547046076912e-01 

1.000000000000000e+02 3.151125852527299e-01 

1.000000000000000e+02 3.554195809613052e-01 

1.000000000000000e+02 4.135816784621664e-01 

1.000000000000000e+02 4.045385690024142e-01 

1.000000000000000e+02 2.651745953712493e-01 

1.000000000000000e+02 2.120445141024903e-01 

1.000000000000000e+02 5.104082733820722e-01 

1.000000000000000e+02 2.943834904651804e-01 

1.000000000000000e+02 3.402462873374872e-01 

1.000000000000000e+02 2.883606558696574e-01 

1.000000000000000e+02 6.035788591277066e-01 

1.000000000000000e+02 2.300798736028281e-01 

1.000000000000000e+02 3.671250001266813e-01 

1.000000000000000e+02 2.536659901902823e-01 

1.000000000000000e+02 2.066106269012412e-01 

1.000000000000000e+02 2.890659340218208e-01 

1.000000000000000e+02 1.634626289719565e-01 

1.000000000000000e+02 2.567080478311868e-01 

1.000000000000000e+02 3.428542405339667e-01 

1.000000000000000e+02 3.776305085837566e-01 

1.000000000000000e+02 3.204303692663250e-01 

1.000000000000000e+02 4.407443772984940e-01 

1.000000000000000e+02 3.955090255596012e-01 

1.000000000000000e+02 4.161569244637353e-01 

1.000000000000000e+02 2.312579428883129e-01 

1.000000000000000e+02 3.067525423368879e-01 

1.000000000000000e+02 2.762911178869789e-01 

1.000000000000000e+02 3.216891891769986e-01 

1.000000000000000e+02 4.104863337030464e-01 

1.000000000000000e+02 2.595476187690173e-01 

1.000000000000000e+02 2.570942095484410e-01 

1.000000000000000e+02 3.328311895873576e-01 

1.000000000000000e+02 3.430076118988675e-01 

1.000000000000000e+02 5.771976952298200e-01 

1.000000000000000e+02 3.505887679444484e-01 

1.000000000000000e+02 3.453213667760727e-01 

1.000000000000000e+02 2.672039231347392e-01 

1.000000000000000e+02 3.079434409983358e-01 

1.000000000000000e+02 4.066944441624584e-01 

1.000000000000000e+02 5.169293034029436e-01 

1.000000000000000e+02 4.034177521819865e-01 

1.000000000000000e+02 3.858399822949940e-01 

1.000000000000000e+02 2.782599998761743e-01 

1.000000000000000e+02 4.928874998819394e-01 

1.000000000000000e+02 5.051703346812794e-01 

1.000000000000000e+02 2.272104166137513e-01 

1.000000000000000e+02 2.997894229652765e-01 

1.000000000000000e+02 3.835045286874880e-01 

1.000000000000000e+02 2.770337029884419e-01 

1.000000000000000e+02 2.305263362315342e-01 

1.000000000000000e+02 3.730927885081675e-01 

1.000000000000000e+02 4.060714927053510e-01 

1.000000000000000e+02 2.577888984624148e-01 

1.000000000000000e+02 2.604155626690957e-01 

1.000000000000000e+02 4.038713772418322e-01 

1.000000000000000e+02 2.100554662263100e-01 

1.000000000000000e+02 2.970711922284902e-01 

1.000000000000000e+02 3.138867041675927e-01 

1.000000000000000e+02 3.841993373281498e-01 

1.000000000000000e+02 2.711578702659876e-01 

1.000000000000000e+02 3.410199070970369e-01 

1.000000000000000e+02 2.884265202714251e-01 

1.000000000000000e+02 4.041218407024176e-01 

1.000000000000000e+02 3.031089854463602e-01 

1.000000000000000e+02 3.824727274139383e-01 

1.000000000000000e+02 2.870634189013042e-01 

1.000000000000000e+02 3.979415982947134e-01 

1.000000000000000e+02 4.381276501717589e-01 

1.000000000000000e+02 1.703839927487830e-01 

1.000000000000000e+02 4.695900865477114e-01 

1.000000000000000e+02 3.592097905589725e-01 

1.000000000000000e+02 3.686206595416940e-01 

1.000000000000000e+02 3.903286712885275e-01 

1.000000000000000e+02 1.301214159433078e-01 

1.000000000000000e+02 3.281619599418276e-01 

1.000000000000000e+02 3.107704004197743e-01 

1.000000000000000e+02 3.314758329405070e-01 

1.000000000000000e+02 3.480379857888083e-01 

1.000000000000000e+02 4.370581103757186e-01 

1.000000000000000e+02 3.524586268254553e-01 

1.000000000000000e+02 4.069740644458794e-01 

1.000000000000000e+02 2.563419641593693e-01 

1.000000000000000e+02 4.252813783216521e-01 

1.000000000000000e+02 2.642154165544331e-01 

1.000000000000000e+02 3.559849138402889e-01 

1.000000000000000e+02 3.142094257853105e-01 

1.000000000000000e+02 3.055749111381469e-01 

1.000000000000000e+02 2.758392858200949e-01 

1.000000000000000e+02 2.419763511059151e-01 

1.000000000000000e+02 3.776410141844534e-01 

1.000000000000000e+02 3.941980574621536e-01 

1.000000000000000e+02 5.247191967975439e-01 

1.000000000000000e+02 4.750194345851268e-01 

1.000000000000000e+02 4.120303254417556e-01 

1.000000000000000e+02 4.241960526494870e-01 

1.000000000000000e+02 2.917732341443842e-01 

1.000000000000000e+02 2.890125000023646e-01 

1.000000000000000e+02 2.661330384769007e-01 

1.000000000000000e+02 2.678067340993277e-01 
