
1.000000000000000e+02 2.946069078567926e-01 

1.000000000000000e+02 4.344250002472956e-01 

1.000000000000000e+02 2.057725001312233e-01 

1.000000000000000e+02 2.620633927738957e-01 

1.000000000000000e+02 2.848367679447379e-01 

1.000000000000000e+02 2.746524122755486e-01 

1.000000000000000e+02 3.538036241675924e-01 

1.000000000000000e+02 4.292892215024343e-01 

1.000000000000000e+02 3.153804348903747e-01 

1.000000000000000e+02 1.902706866303435e-01 

1.000000000000000e+02 2.635103625202039e-01 

1.000000000000000e+02 3.630691961252718e-01 

1.000000000000000e+02 2.713784817373030e-01 

1.000000000000000e+02 2.698944446113131e-01 

1.000000000000000e+02 2.930019947085394e-01 

1.000000000000000e+02 3.776483328641931e-01 

1.000000000000000e+02 2.786562499621011e-01 

1.000000000000000e+02 2.492693728454788e-01 

1.000000000000000e+02 2.199953455041145e-01 

1.000000000000000e+02 2.617892990465872e-01 

1.000000000000000e+02 4.149330674494351e-01 

1.000000000000000e+02 2.173958332387732e-01 

1.000000000000000e+02 2.987562737725304e-01 

1.000000000000000e+02 3.077529999315597e-01 

1.000000000000000e+02 2.463083337992133e-01 

1.000000000000000e+02 3.271399256008791e-01 

1.000000000000000e+02 2.953620537916967e-01 

1.000000000000000e+02 2.131098483505204e-01 

1.000000000000000e+02 2.537632112019932e-01 

1.000000000000000e+02 4.240372344876172e-01 

1.000000000000000e+02 2.029925150139773e-01 

1.000000000000000e+02 2.365914631135171e-01 

1.000000000000000e+02 2.211794668874853e-01 

1.000000000000000e+02 2.762997311651163e-01 

1.000000000000000e+02 3.543023256113948e-01 

1.000000000000000e+02 2.561091956221282e-01 

1.000000000000000e+02 1.874063669421671e-01 

1.000000000000000e+02 2.499935059935605e-01 

1.000000000000000e+02 4.038089398894235e-01 

1.000000000000000e+02 3.378449196923619e-01 

1.000000000000000e+02 3.652436123194248e-01 

1.000000000000000e+02 2.973588076588438e-01 

1.000000000000000e+02 4.073750001156107e-01 

1.000000000000000e+02 2.844482755674715e-01 

1.000000000000000e+02 5.397035257763946e-01 

1.000000000000000e+02 3.732367648359032e-01 

1.000000000000000e+02 2.051404412726056e-01 

1.000000000000000e+02 3.901946022789255e-01 

1.000000000000000e+02 2.241818182316169e-01 

1.000000000000000e+02 2.742078946509868e-01 

1.000000000000000e+02 2.541065435206192e-01 

1.000000000000000e+02 2.258258060582647e-01 

1.000000000000000e+02 3.089900265468324e-01 

1.000000000000000e+02 4.118942309243769e-01 

1.000000000000000e+02 3.381895427440230e-01 

1.000000000000000e+02 2.769161583400790e-01 

1.000000000000000e+02 2.153301280507106e-01 

1.000000000000000e+02 2.040803342684493e-01 

1.000000000000000e+02 4.149826233832176e-01 

1.000000000000000e+02 3.583874225742040e-01 

1.000000000000000e+02 2.461959873730045e-01 

1.000000000000000e+02 3.053559163684278e-01 

1.000000000000000e+02 2.055273918596579e-01 

1.000000000000000e+02 4.823074325575679e-01 

1.000000000000000e+02 2.108554215091755e-01 

1.000000000000000e+02 2.641381297980362e-01 

1.000000000000000e+02 2.783085204844615e-01 

1.000000000000000e+02 3.009164505662159e-01 

1.000000000000000e+02 2.113279217322065e-01 

1.000000000000000e+02 4.849458660373163e-01 

1.000000000000000e+02 2.633317779742543e-01 

1.000000000000000e+02 2.690431035200165e-01 

1.000000000000000e+02 2.679311495889515e-01 

1.000000000000000e+02 2.841003664044449e-01 

1.000000000000000e+02 3.298183592773448e-01 

1.000000000000000e+02 3.545854533384811e-01 

1.000000000000000e+02 3.359959513469125e-01 

1.000000000000000e+02 2.108428714063462e-01 

1.000000000000000e+02 3.507895010982515e-01 

1.000000000000000e+02 2.110214870382309e-01 

1.000000000000000e+02 3.334622152888780e-01 

1.000000000000000e+02 4.511392290522031e-01 

1.000000000000000e+02 4.087482454352672e-01 

1.000000000000000e+02 2.821215275153915e-01 

1.000000000000000e+02 3.168399001355741e-01 

1.000000000000000e+02 2.858671682964632e-01 

1.000000000000000e+02 2.802093247662364e-01 

1.000000000000000e+02 2.844884071552271e-01 

1.000000000000000e+02 2.927397957026633e-01 

1.000000000000000e+02 3.588775776821629e-01 

1.000000000000000e+02 2.830350609473471e-01 

1.000000000000000e+02 4.168102415390145e-01 

1.000000000000000e+02 2.086072882048606e-01 

1.000000000000000e+02 2.531417564092731e-01 

1.000000000000000e+02 2.641349625392397e-01 

1.000000000000000e+02 2.907669614042552e-01 

1.000000000000000e+02 2.105885988488751e-01 

1.000000000000000e+02 3.699524629136169e-01 

1.000000000000000e+02 3.355252043220948e-01 

1.000000000000000e+02 4.082988898444108e-01 

1.000000000000000e+02 6.086109221476944e-01 

1.000000000000000e+02 3.253418265475337e-01 

1.000000000000000e+02 4.448014131828206e-01 

1.000000000000000e+02 4.291720191700139e-01 

1.000000000000000e+02 4.071514956260572e-01 

1.000000000000000e+02 4.836596655876696e-01 

1.000000000000000e+02 4.626853034151321e-01 

1.000000000000000e+02 5.939119188504284e-01 

1.000000000000000e+02 3.153039527357128e-01 

1.000000000000000e+02 5.317702206287586e-01 

1.000000000000000e+02 4.939330354269208e-01 

1.000000000000000e+02 4.276638506739936e-01 

1.000000000000000e+02 4.969680120247291e-01 

1.000000000000000e+02 4.449080881552338e-01 

1.000000000000000e+02 6.094615377294189e-01 

1.000000000000000e+02 3.144650350069563e-01 

1.000000000000000e+02 3.888021201723799e-01 

1.000000000000000e+02 3.625105927555848e-01 

1.000000000000000e+02 4.590430561867557e-01 

1.000000000000000e+02 3.327803398543838e-01 

1.000000000000000e+02 3.992351190234011e-01 

1.000000000000000e+02 3.805000001893191e-01 

1.000000000000000e+02 5.588518515187260e-01 

1.000000000000000e+02 3.246904764856641e-01 

1.000000000000000e+02 3.103417965759683e-01 

1.000000000000000e+02 2.380477938909438e-01 

1.000000000000000e+02 5.322386366609033e-01 

1.000000000000000e+02 4.407061963766218e-01 

1.000000000000000e+02 2.270921499821889e-01 

1.000000000000000e+02 4.868812949910152e-01 

1.000000000000000e+02 4.601120690078789e-01 

1.000000000000000e+02 3.704981064481127e-01 

1.000000000000000e+02 2.119224133963568e-01 

1.000000000000000e+02 5.067641513663900e-01 

1.000000000000000e+02 4.246767473818681e-01 

1.000000000000000e+02 3.892977052426612e-01 

1.000000000000000e+02 2.973190791612796e-01 

1.000000000000000e+02 3.843019998220559e-01 

1.000000000000000e+02 4.202988280157495e-01 

1.000000000000000e+02 5.193632813563184e-01 

1.000000000000000e+02 4.309080888740170e-01 

1.000000000000000e+02 4.808993055313438e-01 

1.000000000000000e+02 5.184147201619891e-01 

1.000000000000000e+02 2.414249997245812e-01 

1.000000000000000e+02 5.888920454586603e-01 

1.000000000000000e+02 5.657716171912230e-01 

1.000000000000000e+02 5.720887683278673e-01 

1.000000000000000e+02 3.132135411502920e-01 

1.000000000000000e+02 3.398902669886804e-01 

1.000000000000000e+02 2.994169920420475e-01 

1.000000000000000e+02 5.313176096844218e-01 

1.000000000000000e+02 5.284568345000177e-01 

1.000000000000000e+02 5.035849995272229e-01 

1.000000000000000e+02 2.750617976334147e-01 

1.000000000000000e+02 2.393431951286394e-01 

1.000000000000000e+02 2.739103259853815e-01 

1.000000000000000e+02 4.640015000330622e-01 

1.000000000000000e+02 3.729105958876193e-01 

1.000000000000000e+02 5.286176470931097e-01 

1.000000000000000e+02 4.452004500640087e-01 

1.000000000000000e+02 5.468032174180200e-01 

1.000000000000000e+02 5.405843496265151e-01 

1.000000000000000e+02 4.321469294984928e-01 

1.000000000000000e+02 6.079069764806160e-01 

1.000000000000000e+02 5.002607364963354e-01 

1.000000000000000e+02 2.103362069304959e-01 

1.000000000000000e+02 4.173830270659983e-01 

1.000000000000000e+02 3.227618104947713e-01 

1.000000000000000e+02 4.267272734406811e-01 

1.000000000000000e+02 2.304513891639895e-01 

1.000000000000000e+02 4.083825008941789e-01 

1.000000000000000e+02 3.305135134709873e-01 

1.000000000000000e+02 4.894887009205276e-01 

1.000000000000000e+02 4.106609851093185e-01 

1.000000000000000e+02 4.245270265787895e-01 

1.000000000000000e+02 3.327039474817303e-01 

1.000000000000000e+02 2.422075354133217e-01 

1.000000000000000e+02 4.255733328312733e-01 

1.000000000000000e+02 3.075657217024715e-01 

1.000000000000000e+02 3.410757042798849e-01 

1.000000000000000e+02 4.224950002136670e-01 

1.000000000000000e+02 3.734147056497205e-01 

1.000000000000000e+02 3.140439023151428e-01 

1.000000000000000e+02 3.122661456467482e-01 

1.000000000000000e+02 5.499148698329148e-01 

1.000000000000000e+02 3.995833330621879e-01 

1.000000000000000e+02 2.768580098320434e-01 

1.000000000000000e+02 6.466011029722351e-01 

1.000000000000000e+02 3.838280201983871e-01 

1.000000000000000e+02 4.442989582351669e-01 

1.000000000000000e+02 4.421709457260823e-01 

1.000000000000000e+02 3.907807382646779e-01 

1.000000000000000e+02 4.516890240017277e-01 

1.000000000000000e+02 2.498481475644083e-01 

1.000000000000000e+02 3.741222225751530e-01 

1.000000000000000e+02 3.688644366734142e-01 

1.000000000000000e+02 3.594272391061925e-01 

1.000000000000000e+02 4.141477276992841e-01 

1.000000000000000e+02 4.326181816785257e-01 

1.000000000000000e+02 5.387601747588984e-01 

1.000000000000000e+02 5.266681339485105e-01 

1.000000000000000e+02 4.885880679988206e-01 

1.000000000000000e+02 5.022239882093078e-01 

1.000000000000000e+02 2.841626885698130e-01 

1.000000000000000e+02 4.406954237379360e-01 

1.000000000000000e+02 5.235895523245794e-01 

1.000000000000000e+02 4.912637501769156e-01 

1.000000000000000e+02 3.334183334807321e-01 

1.000000000000000e+02 5.466862754421087e-01 

1.000000000000000e+02 3.300843621096628e-01 

1.000000000000000e+02 4.750074570979019e-01 

1.000000000000000e+02 3.086807815635552e-01 

1.000000000000000e+02 4.780232558936257e-01 

1.000000000000000e+02 3.532367759039099e-01 

1.000000000000000e+02 3.183456156611728e-01 

1.000000000000000e+02 5.858830127897159e-01 

1.000000000000000e+02 3.603134612339592e-01 

1.000000000000000e+02 4.674752476338933e-01 

1.000000000000000e+02 4.988062135849941e-01 

1.000000000000000e+02 4.814418606724255e-01 

1.000000000000000e+02 4.865404412783761e-01 

1.000000000000000e+02 3.359490948060914e-01 

1.000000000000000e+02 2.525810382044346e-01 

1.000000000000000e+02 2.332538589247036e-01 

1.000000000000000e+02 4.436021958653935e-01 

1.000000000000000e+02 4.733187503415848e-01 

1.000000000000000e+02 4.527958077233370e-01 

1.000000000000000e+02 3.127785946781927e-01 

1.000000000000000e+02 4.574591583102195e-01 

1.000000000000000e+02 4.956111116334319e-01 

1.000000000000000e+02 2.509328415153321e-01 

1.000000000000000e+02 4.295992168691400e-01 

1.000000000000000e+02 2.229539472692242e-01 

1.000000000000000e+02 3.924037857329484e-01 

1.000000000000000e+02 3.827963712358833e-01 

1.000000000000000e+02 3.782821967689957e-01 

1.000000000000000e+02 5.406688739183091e-01 

1.000000000000000e+02 4.227515153812531e-01 

1.000000000000000e+02 4.022891563492426e-01 

1.000000000000000e+02 4.206219522239131e-01 

1.000000000000000e+02 2.894582208068253e-01 

1.000000000000000e+02 3.258317608105640e-01 

1.000000000000000e+02 3.051156460175135e-01 

1.000000000000000e+02 6.255017606357871e-01 

1.000000000000000e+02 5.158757485984761e-01 

1.000000000000000e+02 6.387269026392711e-01 

1.000000000000000e+02 3.425722973773382e-01 

1.000000000000000e+02 3.549550777536527e-01 

1.000000000000000e+02 4.353461133613707e-01 

1.000000000000000e+02 2.607883893593735e-01 

1.000000000000000e+02 4.717964740731524e-01 

1.000000000000000e+02 3.976560345496364e-01 

1.000000000000000e+02 4.349571076020241e-01 

1.000000000000000e+02 2.698141889696292e-01 

1.000000000000000e+02 3.730008223485842e-01 

1.000000000000000e+02 3.664979728291419e-01 

1.000000000000000e+02 5.081052442679613e-01 

1.000000000000000e+02 3.983087285003873e-01 

1.000000000000000e+02 4.572140154230482e-01 

1.000000000000000e+02 4.313412921587664e-01 
