
1.000000000000000e+02 3.968684212547890e-01 

1.000000000000000e+02 3.346190472974574e-01 

1.000000000000000e+02 2.006249999008515e-01 

1.000000000000000e+02 1.979234614882263e-01 

1.000000000000000e+02 3.454808447353481e-01 

1.000000000000000e+02 2.815429844719497e-01 

1.000000000000000e+02 3.609637961592946e-01 

1.000000000000000e+02 3.442891850559227e-01 

1.000000000000000e+02 3.469449994713061e-01 

1.000000000000000e+02 2.777403840077087e-01 

1.000000000000000e+02 3.482198951599660e-01 

1.000000000000000e+02 3.266388886710611e-01 

1.000000000000000e+02 -nan 

1.000000000000000e+02 5.328966452499709e-01 

1.000000000000000e+02 3.819092425927339e-01 

1.000000000000000e+02 4.116730620116815e-01 

1.000000000000000e+02 4.371194352089885e-01 

1.000000000000000e+02 4.566483150577662e-01 

1.000000000000000e+02 3.344729727151832e-01 

1.000000000000000e+02 4.057888032170506e-01 

1.000000000000000e+02 3.470031402575098e-01 

1.000000000000000e+02 5.512370690697576e-01 

1.000000000000000e+02 5.279297657081896e-01 

1.000000000000000e+02 4.552013795887493e-01 

1.000000000000000e+02 4.491735730751558e-01 

1.000000000000000e+02 4.413986484947200e-01 

1.000000000000000e+02 2.787826924657194e-01 

1.000000000000000e+02 4.037350707419881e-01 

1.000000000000000e+02 4.786371136831868e-01 

1.000000000000000e+02 3.532031251759457e-01 

1.000000000000000e+02 3.096931801938709e-01 

1.000000000000000e+02 3.526859756604483e-01 

1.000000000000000e+02 4.292301142333765e-01 

1.000000000000000e+02 -nan 

1.000000000000000e+02 3.830208337554133e-01 

1.000000000000000e+02 3.452782031449823e-01 

1.000000000000000e+02 3.422567890125315e-01 

1.000000000000000e+02 3.454019356431666e-01 

1.000000000000000e+02 4.225468751979182e-01 

1.000000000000000e+02 4.121446627496773e-01 

1.000000000000000e+02 4.062872232356018e-01 

1.000000000000000e+02 4.151421089099180e-01 

1.000000000000000e+02 4.366060613914257e-01 

1.000000000000000e+02 3.043750002980233e-01 

1.000000000000000e+02 2.484751772662544e-01 

1.000000000000000e+02 2.470021365258668e-01 

1.000000000000000e+02 3.502279115811830e-01 

1.000000000000000e+02 3.649003905372059e-01 

1.000000000000000e+02 2.919152174794183e-01 

1.000000000000000e+02 3.242745711627786e-01 

1.000000000000000e+02 3.383932005367801e-01 

1.000000000000000e+02 3.631803134280155e-01 

1.000000000000000e+02 4.322958332169993e-01 

1.000000000000000e+02 3.599829541181326e-01 

1.000000000000000e+02 3.087679264750881e-01 

1.000000000000000e+02 3.555937493639077e-01 

1.000000000000000e+02 2.772284835486490e-01 

1.000000000000000e+02 3.162909193597724e-01 

1.000000000000000e+02 4.469214973671650e-01 

1.000000000000000e+02 -nan 

1.000000000000000e+02 -nan 

1.000000000000000e+02 3.640837052787815e-01 

1.000000000000000e+02 3.619514524263269e-01 

1.000000000000000e+02 3.106848585196764e-01 

1.000000000000000e+02 3.596734376624112e-01 

1.000000000000000e+02 2.824505774211994e-01 

1.000000000000000e+02 3.369001029068568e-01 

1.000000000000000e+02 4.096490119294540e-01 

1.000000000000000e+02 4.146940786423325e-01 

1.000000000000000e+02 2.955808821286418e-01 

1.000000000000000e+02 3.350618686124003e-01 

1.000000000000000e+02 3.456586989016392e-01 

1.000000000000000e+02 3.681106554961868e-01 

1.000000000000000e+02 4.941250048577784e-01 

1.000000000000000e+02 4.141249991953373e-01 

1.000000000000000e+02 3.698513683914803e-01 

1.000000000000000e+02 2.826250001880907e-01 

1.000000000000000e+02 3.050937489604316e-01 

1.000000000000000e+02 1.688532602932174e-01 

1.000000000000000e+02 1.410289288232894e-01 

1.000000000000000e+02 2.665243118906075e-01 

1.000000000000000e+02 2.553897522403080e-01 

1.000000000000000e+02 2.923324922423722e-01 

1.000000000000000e+02 3.099516381535599e-01 

1.000000000000000e+02 2.871509404047775e-01 

1.000000000000000e+02 3.944126503118586e-01 

1.000000000000000e+02 3.372807155419493e-01 

1.000000000000000e+02 3.377285640502626e-01 

1.000000000000000e+02 2.514018381248201e-01 

1.000000000000000e+02 2.762354292842706e-01 

1.000000000000000e+02 2.793749999254942e-01 

1.000000000000000e+02 -nan 

1.000000000000000e+02 3.579076575198738e-01 

1.000000000000000e+02 2.791543139960628e-01 

1.000000000000000e+02 4.206676899214781e-01 

1.000000000000000e+02 5.051250011303552e-01 

1.000000000000000e+02 -nan 

1.000000000000000e+02 3.204057539652382e-01 

1.000000000000000e+02 3.644539477063433e-01 

1.000000000000000e+02 3.274375000036832e-01 

1.000000000000000e+02 2.251999999085353e-01 

1.000000000000000e+02 3.532463771057202e-01 

1.000000000000000e+02 -nan 

1.000000000000000e+02 3.677929680559373e-01 

1.000000000000000e+02 3.258504465183526e-01 

1.000000000000000e+02 2.897451688234197e-01 

1.000000000000000e+02 3.186467393587616e-01 

1.000000000000000e+02 2.868421052243064e-01 

1.000000000000000e+02 3.944752798276942e-01 

1.000000000000000e+02 4.300150458045693e-01 

1.000000000000000e+02 2.540295139188402e-01 

1.000000000000000e+02 2.654110822904019e-01 

1.000000000000000e+02 2.913750018938234e-01 

1.000000000000000e+02 2.925535706539434e-01 

1.000000000000000e+02 3.015268322822472e-01 

1.000000000000000e+02 3.565833321459886e-01 

1.000000000000000e+02 3.814749997951482e-01 

1.000000000000000e+02 2.582746476775050e-01 

1.000000000000000e+02 2.746970103040013e-01 

1.000000000000000e+02 2.857438518252019e-01 

1.000000000000000e+02 3.078472228308188e-01 

1.000000000000000e+02 -nan 

1.000000000000000e+02 3.684464291274832e-01 

1.000000000000000e+02 4.014545453670165e-01 

1.000000000000000e+02 3.523593119115792e-01 

1.000000000000000e+02 3.528125005154811e-01 

1.000000000000000e+02 3.506562518904028e-01 

1.000000000000000e+02 3.009903490789765e-01 

1.000000000000000e+02 3.162231306049386e-01 

1.000000000000000e+02 3.350673073257586e-01 

1.000000000000000e+02 3.317512376513013e-01 

1.000000000000000e+02 3.459558369253221e-01 

1.000000000000000e+02 3.175953571285142e-01 

1.000000000000000e+02 2.172692300606268e-01 

1.000000000000000e+02 3.732907311008876e-01 

1.000000000000000e+02 3.655561377255653e-01 

1.000000000000000e+02 4.337148433554012e-01 

1.000000000000000e+02 4.511494843732936e-01 

1.000000000000000e+02 3.718800760692290e-01 

1.000000000000000e+02 3.761211772555711e-01 

1.000000000000000e+02 4.034218743911132e-01 

1.000000000000000e+02 2.679374981671572e-01 

1.000000000000000e+02 3.555596261873042e-01 

1.000000000000000e+02 3.578571189010808e-01 

1.000000000000000e+02 3.749337977557155e-01 

1.000000000000000e+02 4.473099606055389e-01 

1.000000000000000e+02 5.455452122114638e-01 

1.000000000000000e+02 3.362972226408324e-01 

1.000000000000000e+02 3.298893881385655e-01 

1.000000000000000e+02 3.913125004615959e-01 

1.000000000000000e+02 3.602621525834744e-01 

1.000000000000000e+02 2.873691087169022e-01 

1.000000000000000e+02 3.201215072863965e-01 

1.000000000000000e+02 3.265472221209344e-01 

1.000000000000000e+02 -nan 

1.000000000000000e+02 1.974937150556077e-01 

1.000000000000000e+02 2.589140307799479e-01 

1.000000000000000e+02 2.772353190911941e-01 

1.000000000000000e+02 3.629892199651210e-01 

1.000000000000000e+02 3.573994998001271e-01 

1.000000000000000e+02 5.631666680172741e-01 

1.000000000000000e+02 2.918749982490867e-01 

1.000000000000000e+02 2.634556449683457e-01 

1.000000000000000e+02 2.983885306825436e-01 

1.000000000000000e+02 3.595723139874122e-01 

1.000000000000000e+02 -nan 

1.000000000000000e+02 7.312083327113778e-01 

1.000000000000000e+02 4.230835938361106e-01 

1.000000000000000e+02 3.671324069990126e-01 

1.000000000000000e+02 -nan 

1.000000000000000e+02 4.280468742366896e-01 

1.000000000000000e+02 3.476635080942473e-01 

1.000000000000000e+02 4.193346462529730e-01 

1.000000000000000e+02 3.891985759674579e-01 

1.000000000000000e+02 4.614623204567613e-01 

1.000000000000000e+02 4.781249985100408e-01 

1.000000000000000e+02 2.859357139760324e-01 

1.000000000000000e+02 3.076869626916335e-01 

1.000000000000000e+02 3.342508842381730e-01 

1.000000000000000e+02 3.257588582195470e-01 

1.000000000000000e+02 3.364166667066879e-01 

1.000000000000000e+02 3.142366066709247e-01 

1.000000000000000e+02 2.781133908400032e-01 

1.000000000000000e+02 3.347060311873914e-01 

1.000000000000000e+02 2.983962118172465e-01 

1.000000000000000e+02 3.529054486931126e-01 

1.000000000000000e+02 3.102762572820980e-01 

1.000000000000000e+02 3.336757966706449e-01 

1.000000000000000e+02 3.245535713755193e-01 

1.000000000000000e+02 2.415330877854750e-01 

1.000000000000000e+02 2.866092102307197e-01 

1.000000000000000e+02 2.740351025472892e-01 

1.000000000000000e+02 -nan 

1.000000000000000e+02 4.396084555803610e-01 

1.000000000000000e+02 3.103556547181199e-01 

1.000000000000000e+02 3.291102941424723e-01 

1.000000000000000e+02 3.798630949380582e-01 

1.000000000000000e+02 3.951115524145569e-01 

1.000000000000000e+02 4.292629430479564e-01 

1.000000000000000e+02 5.837750013926307e-01 

1.000000000000000e+02 3.018373291148968e-01 

1.000000000000000e+02 3.452901786289762e-01 

1.000000000000000e+02 3.450064767596159e-01 

1.000000000000000e+02 3.427766666561496e-01 

1.000000000000000e+02 3.183657406242075e-01 

1.000000000000000e+02 2.684987681489638e-01 

1.000000000000000e+02 2.741428555122178e-01 

1.000000000000000e+02 -nan 

1.000000000000000e+02 3.849628168522442e-01 

1.000000000000000e+02 3.371167662358134e-01 

1.000000000000000e+02 4.223654898817701e-01 

1.000000000000000e+02 -nan 

1.000000000000000e+02 3.988437497322809e-01 

1.000000000000000e+02 3.536655727046320e-01 

1.000000000000000e+02 4.414225854191780e-01 

1.000000000000000e+02 5.875535689822303e-01 

1.000000000000000e+02 3.548947941851350e-01 

1.000000000000000e+02 4.193356132801271e-01 

1.000000000000000e+02 4.340663901162720e-01 

1.000000000000000e+02 4.846500001844387e-01 

1.000000000000000e+02 -nan 

1.000000000000000e+02 4.730305850426779e-01 

1.000000000000000e+02 3.661685127682768e-01 

1.000000000000000e+02 3.672930317337040e-01 

1.000000000000000e+02 2.428068188440991e-01 

1.000000000000000e+02 3.752904676652908e-01 

1.000000000000000e+02 3.062300557730827e-01 

1.000000000000000e+02 2.478242186029384e-01 

1.000000000000000e+02 3.632249988614744e-01 

1.000000000000000e+02 3.192830187320668e-01 

1.000000000000000e+02 3.124750000733271e-01 

1.000000000000000e+02 5.297405299824731e-01 

1.000000000000000e+02 3.627887073566233e-01 

1.000000000000000e+02 3.727017045234792e-01 

1.000000000000000e+02 3.769245688193509e-01 

1.000000000000000e+02 4.762601338431545e-01 

1.000000000000000e+02 4.521557786057459e-01 

1.000000000000000e+02 3.876588983874015e-01 

1.000000000000000e+02 5.414375010878775e-01 

1.000000000000000e+02 4.029899994584147e-01 

1.000000000000000e+02 3.787090157572308e-01 

1.000000000000000e+02 3.231024589144235e-01 

1.000000000000000e+02 4.240340553858195e-01 

1.000000000000000e+02 3.434660714272436e-01 

1.000000000000000e+02 3.947659165927462e-01 

1.000000000000000e+02 5.089473672407433e-01 

1.000000000000000e+02 5.301851826821061e-01 

1.000000000000000e+02 3.439542199118933e-01 

1.000000000000000e+02 3.292211826459019e-01 

1.000000000000000e+02 3.514891803868798e-01 

1.000000000000000e+02 4.170803567393330e-01 

1.000000000000000e+02 5.348624997769995e-01 

1.000000000000000e+02 4.317389870399683e-01 

1.000000000000000e+02 3.708372393928202e-01 

1.000000000000000e+02 4.096250012516976e-01 

1.000000000000000e+02 4.445918508860822e-01 

1.000000000000000e+02 4.517186972423676e-01 

1.000000000000000e+02 4.740581752951725e-01 

1.000000000000000e+02 4.753575395850609e-01 

1.000000000000000e+02 4.855375021694734e-01 

1.000000000000000e+02 -nan 

1.000000000000000e+02 3.100017602881922e-01 

1.000000000000000e+02 2.695950627828796e-01 

1.000000000000000e+02 3.035879631146662e-01 
