
1.000000000000000e+02 5.221156957154381e-01 

1.000000000000000e+02 1.748655197011818e-01 

1.000000000000000e+02 3.369400511514531e-01 

1.000000000000000e+02 3.006013257740449e-01 

1.000000000000000e+02 3.179856901331233e-01 

1.000000000000000e+02 4.356742021529835e-01 

1.000000000000000e+02 4.674233736607954e-01 

1.000000000000000e+02 4.109172072600443e-01 

1.000000000000000e+02 3.241183174328432e-01 

1.000000000000000e+02 2.161936126630803e-01 

1.000000000000000e+02 3.444247233234547e-01 

1.000000000000000e+02 4.519104106043291e-01 

1.000000000000000e+02 2.380013582498150e-01 

1.000000000000000e+02 4.436026456699287e-01 

1.000000000000000e+02 4.184921874392328e-01 

1.000000000000000e+02 5.518858837149161e-01 

1.000000000000000e+02 3.855850987799386e-01 

1.000000000000000e+02 2.834711540920073e-01 

1.000000000000000e+02 3.190552884747929e-01 

1.000000000000000e+02 4.055644191557027e-01 

1.000000000000000e+02 2.846939654715706e-01 

1.000000000000000e+02 4.101532254241367e-01 

1.000000000000000e+02 3.196244185834918e-01 

1.000000000000000e+02 4.681735914675124e-01 

1.000000000000000e+02 3.672927631746193e-01 

1.000000000000000e+02 3.098597380004917e-01 

1.000000000000000e+02 2.636645219206263e-01 

1.000000000000000e+02 3.395062707874132e-01 

1.000000000000000e+02 4.068341613366984e-01 

1.000000000000000e+02 2.270662252857964e-01 

1.000000000000000e+02 4.296470593440757e-01 

1.000000000000000e+02 3.013220567064729e-01 

1.000000000000000e+02 5.677058822278286e-01 

1.000000000000000e+02 3.286027445371992e-01 

1.000000000000000e+02 3.170509705482124e-01 

1.000000000000000e+02 4.350643945126211e-01 

1.000000000000000e+02 4.349267390614807e-01 

1.000000000000000e+02 5.092737075456546e-01 

1.000000000000000e+02 2.787209822231420e-01 

1.000000000000000e+02 5.348771456551346e-01 

1.000000000000000e+02 4.341174996639579e-01 

1.000000000000000e+02 3.668211807751228e-01 

1.000000000000000e+02 4.277845300961868e-01 

1.000000000000000e+02 5.293368215623068e-01 

1.000000000000000e+02 2.853159091011896e-01 

1.000000000000000e+02 4.856833597465112e-01 

1.000000000000000e+02 2.813205123425370e-01 

1.000000000000000e+02 4.100429486291670e-01 

1.000000000000000e+02 1.767713416414228e-01 

1.000000000000000e+02 3.864214529430423e-01 

1.000000000000000e+02 2.398819437391237e-01 

1.000000000000000e+02 5.016898149511537e-01 

1.000000000000000e+02 4.287818805241962e-01 

1.000000000000000e+02 2.121398806838089e-01 

1.000000000000000e+02 2.785472844776946e-01 

1.000000000000000e+02 2.822625740653638e-01 

1.000000000000000e+02 2.953627272085629e-01 

1.000000000000000e+02 3.975369318343146e-01 

1.000000000000000e+02 2.561230568010479e-01 

1.000000000000000e+02 5.740053842620768e-01 

1.000000000000000e+02 4.003577587124670e-01 

1.000000000000000e+02 3.617270567656894e-01 

1.000000000000000e+02 2.549136899234823e-01 

1.000000000000000e+02 4.010259311627004e-01 

1.000000000000000e+02 2.508280169957813e-01 

1.000000000000000e+02 3.910356335573474e-01 

1.000000000000000e+02 2.548749996562021e-01 

1.000000000000000e+02 4.012283948765349e-01 

1.000000000000000e+02 3.092274306370151e-01 

1.000000000000000e+02 2.494539474054139e-01 

1.000000000000000e+02 3.822611605616426e-01 

1.000000000000000e+02 2.638541657554427e-01 

1.000000000000000e+02 2.139505596774645e-01 

1.000000000000000e+02 4.066620576317942e-01 

1.000000000000000e+02 3.236160183293536e-01 

1.000000000000000e+02 8.305685091407492e-01 

1.000000000000000e+02 2.566353681877698e-01 

1.000000000000000e+02 3.597552638306228e-01 

1.000000000000000e+02 2.316745938539563e-01 

1.000000000000000e+02 2.302689999790059e-01 

1.000000000000000e+02 4.259694604076152e-01 

1.000000000000000e+02 2.423669491562360e-01 

1.000000000000000e+02 3.970855494749773e-01 

1.000000000000000e+02 3.601813760831155e-01 

1.000000000000000e+02 4.933550300068971e-01 

1.000000000000000e+02 3.751302416529622e-01 

1.000000000000000e+02 3.080696539755248e-01 

1.000000000000000e+02 3.049024001358989e-01 

1.000000000000000e+02 3.815105938811119e-01 

1.000000000000000e+02 2.397398187092638e-01 

1.000000000000000e+02 3.396616468065465e-01 

1.000000000000000e+02 5.176729489483088e-01 

1.000000000000000e+02 6.129901327772931e-01 

1.000000000000000e+02 3.192938480778220e-01 

1.000000000000000e+02 2.444077670141502e-01 

1.000000000000000e+02 2.190052817178426e-01 

1.000000000000000e+02 2.292732987608125e-01 

1.000000000000000e+02 5.120943180652191e-01 

1.000000000000000e+02 4.928554105615520e-01 

1.000000000000000e+02 4.131304347765020e-01 

1.000000000000000e+02 4.375477942686709e-01 

1.000000000000000e+02 4.285242046652525e-01 

1.000000000000000e+02 2.333567076612564e-01 

1.000000000000000e+02 2.520270834989440e-01 

1.000000000000000e+02 7.316897329224574e-01 

1.000000000000000e+02 3.561907892950414e-01 

1.000000000000000e+02 4.715235463102706e-01 

1.000000000000000e+02 2.192078311085040e-01 

1.000000000000000e+02 4.688398444557558e-01 

1.000000000000000e+02 4.281355395183892e-01 

1.000000000000000e+02 3.296075576136288e-01 

1.000000000000000e+02 2.873359372607497e-01 

1.000000000000000e+02 2.934777126755579e-01 

1.000000000000000e+02 6.010258619311912e-01 

1.000000000000000e+02 2.443068179331908e-01 

1.000000000000000e+02 2.154799994081727e-01 

1.000000000000000e+02 4.304934206266899e-01 

1.000000000000000e+02 2.668962263556405e-01 

1.000000000000000e+02 3.465273720043981e-01 

1.000000000000000e+02 4.895115247698201e-01 

1.000000000000000e+02 3.151456271375792e-01 

1.000000000000000e+02 3.528124990873676e-01 

1.000000000000000e+02 3.631249999596120e-01 

1.000000000000000e+02 4.924497019206865e-01 

1.000000000000000e+02 4.598293919369518e-01 

1.000000000000000e+02 4.991285046124514e-01 

1.000000000000000e+02 2.884281278897211e-01 

1.000000000000000e+02 6.349866071913474e-01 

1.000000000000000e+02 3.908954803636993e-01 

1.000000000000000e+02 3.361143238735866e-01 

1.000000000000000e+02 2.776619313621000e-01 

1.000000000000000e+02 2.338341315906173e-01 

1.000000000000000e+02 2.313532613865534e-01 

1.000000000000000e+02 2.841839716626999e-01 

1.000000000000000e+02 4.506522508610575e-01 

1.000000000000000e+02 5.486362994267596e-01 

1.000000000000000e+02 4.869571430337876e-01 

1.000000000000000e+02 3.567750002654821e-01 

1.000000000000000e+02 3.606204262411943e-01 

1.000000000000000e+02 3.432873917689750e-01 

1.000000000000000e+02 4.101525931027138e-01 

1.000000000000000e+02 2.863945034596260e-01 

1.000000000000000e+02 4.425129125820774e-01 

1.000000000000000e+02 3.602672414532005e-01 

1.000000000000000e+02 3.412512501139190e-01 

1.000000000000000e+02 3.509469835199389e-01 

1.000000000000000e+02 3.951282888213046e-01 

1.000000000000000e+02 3.176333346091623e-01 

1.000000000000000e+02 4.485980177479290e-01 

1.000000000000000e+02 3.350564966894737e-01 

1.000000000000000e+02 6.711840760473357e-01 

1.000000000000000e+02 8.644301464029683e-01 

1.000000000000000e+02 3.292167552320676e-01 

1.000000000000000e+02 3.968947172855605e-01 

1.000000000000000e+02 4.268582315162517e-01 

1.000000000000000e+02 2.753025698954120e-01 

1.000000000000000e+02 4.525648648675217e-01 

1.000000000000000e+02 4.981566092063028e-01 

1.000000000000000e+02 4.893271274701308e-01 

1.000000000000000e+02 2.467374991625593e-01 

1.000000000000000e+02 4.549700002873260e-01 

1.000000000000000e+02 2.262743772877264e-01 

1.000000000000000e+02 6.077348728006762e-01 

1.000000000000000e+02 4.210574817401704e-01 

1.000000000000000e+02 4.535468740858613e-01 

1.000000000000000e+02 4.859623013747944e-01 

1.000000000000000e+02 3.308365386192813e-01 

1.000000000000000e+02 4.638666670463339e-01 

1.000000000000000e+02 2.507779253052246e-01 

1.000000000000000e+02 3.344620968547919e-01 

1.000000000000000e+02 3.337176136145721e-01 

1.000000000000000e+02 6.266909266188051e-01 

1.000000000000000e+02 3.214799385103498e-01 

1.000000000000000e+02 4.377096086664928e-01 

1.000000000000000e+02 3.190153159215768e-01 

1.000000000000000e+02 2.627837642300499e-01 

1.000000000000000e+02 3.760661754539873e-01 

1.000000000000000e+02 2.449997006715631e-01 

1.000000000000000e+02 2.213861487526771e-01 

1.000000000000000e+02 5.163241080677515e-01 

1.000000000000000e+02 3.208723820998335e-01 

1.000000000000000e+02 4.139347829564632e-01 

1.000000000000000e+02 3.027655554687597e-01 

1.000000000000000e+02 5.048268352797153e-01 

1.000000000000000e+02 6.561317569028634e-01 

1.000000000000000e+02 2.566878492188203e-01 

1.000000000000000e+02 3.001774432539962e-01 

1.000000000000000e+02 2.635202203220223e-01 

1.000000000000000e+02 4.251226418140328e-01 

1.000000000000000e+02 2.739583334449956e-01 

1.000000000000000e+02 2.328195148545906e-01 

1.000000000000000e+02 3.209894859519133e-01 

1.000000000000000e+02 3.969566331682509e-01 

1.000000000000000e+02 3.517873304647980e-01 

1.000000000000000e+02 4.599599359220448e-01 

1.000000000000000e+02 3.244023437727354e-01 

1.000000000000000e+02 2.684735915505038e-01 

1.000000000000000e+02 2.144269330957597e-01 

1.000000000000000e+02 2.846698716194819e-01 

1.000000000000000e+02 3.360694448596111e-01 

1.000000000000000e+02 3.474409246739839e-01 

1.000000000000000e+02 3.455874383579643e-01 

1.000000000000000e+02 3.894041882554604e-01 

1.000000000000000e+02 4.655246885871758e-01 

1.000000000000000e+02 4.107633589815851e-01 

1.000000000000000e+02 3.641950836303866e-01 

1.000000000000000e+02 3.835873283341691e-01 

1.000000000000000e+02 3.732037841438868e-01 

1.000000000000000e+02 2.127871623113131e-01 

1.000000000000000e+02 2.367321789593489e-01 

1.000000000000000e+02 3.060223212734117e-01 

1.000000000000000e+02 3.829292450050029e-01 

1.000000000000000e+02 4.257385047777471e-01 

1.000000000000000e+02 2.039944133252838e-01 

1.000000000000000e+02 2.561233973799623e-01 

1.000000000000000e+02 2.556808032968964e-01 

1.000000000000000e+02 1.880974360526922e-01 

1.000000000000000e+02 1.994161112400984e-01 

1.000000000000000e+02 2.212420519484375e-01 

1.000000000000000e+02 3.230673075797861e-01 

1.000000000000000e+02 2.180721148702363e-01 

1.000000000000000e+02 4.184832400825789e-01 

1.000000000000000e+02 2.531607137730179e-01 

1.000000000000000e+02 5.239619570580178e-01 

1.000000000000000e+02 3.660537634346514e-01 

1.000000000000000e+02 4.073691039327351e-01 

1.000000000000000e+02 2.507110777795558e-01 

1.000000000000000e+02 3.592181465585331e-01 

1.000000000000000e+02 3.541405407360460e-01 

1.000000000000000e+02 1.955448291733061e-01 

1.000000000000000e+02 4.421578163818684e-01 

1.000000000000000e+02 3.539249993603870e-01 

1.000000000000000e+02 2.224656249280549e-01 

1.000000000000000e+02 4.222088605161651e-01 

1.000000000000000e+02 2.709384055916684e-01 

1.000000000000000e+02 2.938315309519592e-01 

1.000000000000000e+02 2.718050002308500e-01 

1.000000000000000e+02 4.169523804672435e-01 

1.000000000000000e+02 6.139815213238937e-01 

1.000000000000000e+02 4.651803692689754e-01 

1.000000000000000e+02 4.121458331416484e-01 

1.000000000000000e+02 5.438281248576026e-01 

1.000000000000000e+02 2.587444445427540e-01 

1.000000000000000e+02 3.469957621229314e-01 

1.000000000000000e+02 3.175971807873243e-01 

1.000000000000000e+02 4.553323739689925e-01 

1.000000000000000e+02 2.401862246156505e-01 

1.000000000000000e+02 2.458041670421626e-01 

1.000000000000000e+02 2.343479850135152e-01 

1.000000000000000e+02 2.332980770333213e-01 

1.000000000000000e+02 3.015659088269295e-01 

1.000000000000000e+02 3.602328835001479e-01 

1.000000000000000e+02 3.821523970834711e-01 

1.000000000000000e+02 6.375277764171885e-01 

1.000000000000000e+02 3.127469008650693e-01 

1.000000000000000e+02 3.508209453996852e-01 

1.000000000000000e+02 4.822045448379360e-01 

1.000000000000000e+02 2.006604380464050e-01 

1.000000000000000e+02 2.035388887549748e-01 

1.000000000000000e+02 3.184311225321563e-01 
