
1.000000000000000e+02 3.087646394449581e-01 

1.000000000000000e+02 3.754833103218211e-01 

1.000000000000000e+02 3.396636794760680e-01 

1.000000000000000e+02 4.604888664636899e-01 

1.000000000000000e+02 5.655974029079450e-01 

1.000000000000000e+02 4.021459017315425e-01 

1.000000000000000e+02 3.690703778270504e-01 

1.000000000000000e+02 3.909588950333029e-01 

1.000000000000000e+02 2.242022199648900e-01 

1.000000000000000e+02 3.179278841767132e-01 

1.000000000000000e+02 2.289798017790844e-01 

1.000000000000000e+02 4.405800715035524e-01 

1.000000000000000e+02 3.973889904970310e-01 

1.000000000000000e+02 2.827249996363392e-01 

1.000000000000000e+02 3.275479560003049e-01 

1.000000000000000e+02 4.622025001420545e-01 

1.000000000000000e+02 3.983421360836700e-01 

1.000000000000000e+02 2.633002451926001e-01 

1.000000000000000e+02 2.831104754102235e-01 

1.000000000000000e+02 3.878770832076933e-01 

1.000000000000000e+02 3.332633763360561e-01 

1.000000000000000e+02 3.297840372569488e-01 

1.000000000000000e+02 3.092733476895339e-01 

1.000000000000000e+02 2.429806395664491e-01 

1.000000000000000e+02 2.715468209402896e-01 

1.000000000000000e+02 3.006358020420026e-01 

1.000000000000000e+02 2.468487705728821e-01 

1.000000000000000e+02 3.473131492745871e-01 

1.000000000000000e+02 3.320116280513866e-01 

1.000000000000000e+02 2.298909656504572e-01 

1.000000000000000e+02 2.328980260347987e-01 

1.000000000000000e+02 3.654876124594222e-01 

1.000000000000000e+02 4.509170672868340e-01 

1.000000000000000e+02 3.941213368563755e-01 

1.000000000000000e+02 3.824508356738794e-01 

1.000000000000000e+02 3.500676511294538e-01 

1.000000000000000e+02 3.423237028477371e-01 

1.000000000000000e+02 4.516576494353426e-01 

1.000000000000000e+02 3.732339524335785e-01 

1.000000000000000e+02 3.937509127751141e-01 

1.000000000000000e+02 3.011199322417972e-01 

1.000000000000000e+02 3.241126033099930e-01 

1.000000000000000e+02 4.257057859241040e-01 

1.000000000000000e+02 3.491421402694310e-01 

1.000000000000000e+02 4.268276598858796e-01 

1.000000000000000e+02 2.189815647117628e-01 

1.000000000000000e+02 2.660396125588123e-01 

1.000000000000000e+02 2.383009416740193e-01 

1.000000000000000e+02 3.235824539924709e-01 

1.000000000000000e+02 2.992531136672469e-01 

1.000000000000000e+02 4.859189515634923e-01 

1.000000000000000e+02 1.726550926212700e-01 

1.000000000000000e+02 3.048569669853817e-01 

1.000000000000000e+02 2.039687500350088e-01 

1.000000000000000e+02 2.951863297934138e-01 

1.000000000000000e+02 4.200123706682931e-01 

1.000000000000000e+02 3.348137498460727e-01 

1.000000000000000e+02 3.083606902384836e-01 

1.000000000000000e+02 3.598952283193962e-01 

1.000000000000000e+02 3.595459766158830e-01 

1.000000000000000e+02 5.175276404499507e-01 

1.000000000000000e+02 3.566416141256241e-01 

1.000000000000000e+02 2.884411511885061e-01 

1.000000000000000e+02 3.670828753652580e-01 

1.000000000000000e+02 3.783580856918440e-01 

1.000000000000000e+02 5.666482560392070e-01 

1.000000000000000e+02 2.553572663231906e-01 

1.000000000000000e+02 3.327409157010564e-01 

1.000000000000000e+02 4.103286562446263e-01 

1.000000000000000e+02 3.272290937668176e-01 

1.000000000000000e+02 2.787213112517080e-01 

1.000000000000000e+02 3.128861547776068e-01 

1.000000000000000e+02 3.947899307864863e-01 

1.000000000000000e+02 2.818531856622109e-01 

1.000000000000000e+02 3.873588308062804e-01 

1.000000000000000e+02 4.257739582952150e-01 

1.000000000000000e+02 3.380214647774794e-01 

1.000000000000000e+02 3.473750001358245e-01 

1.000000000000000e+02 4.189789373113192e-01 

1.000000000000000e+02 4.100690692185656e-01 

1.000000000000000e+02 3.609871637339753e-01 

1.000000000000000e+02 3.541891210650355e-01 

1.000000000000000e+02 3.623382982420893e-01 

1.000000000000000e+02 2.493552441078005e-01 

1.000000000000000e+02 3.900731943066020e-01 

1.000000000000000e+02 2.691108945626131e-01 

1.000000000000000e+02 4.635091866184796e-01 

1.000000000000000e+02 2.305348513435504e-01 

1.000000000000000e+02 3.276820752559833e-01 

1.000000000000000e+02 4.366426362915105e-01 

1.000000000000000e+02 3.013830506321440e-01 

1.000000000000000e+02 3.675262714087343e-01 

1.000000000000000e+02 3.636550301512829e-01 

1.000000000000000e+02 4.253599290464268e-01 

1.000000000000000e+02 2.863611725151577e-01 

1.000000000000000e+02 3.984560033207727e-01 

1.000000000000000e+02 3.293870757904992e-01 

1.000000000000000e+02 4.086923430573739e-01 

1.000000000000000e+02 3.034586893429330e-01 

1.000000000000000e+02 3.480382919980177e-01 

1.000000000000000e+02 3.747736343395265e-01 

1.000000000000000e+02 3.725825814320251e-01 

1.000000000000000e+02 4.514665268986210e-01 

1.000000000000000e+02 3.144859466756049e-01 

1.000000000000000e+02 5.152197180971390e-01 

1.000000000000000e+02 3.929510870409900e-01 

1.000000000000000e+02 3.467723957418082e-01 

1.000000000000000e+02 4.337188596002572e-01 

1.000000000000000e+02 3.449866666832085e-01 

1.000000000000000e+02 4.216826923393655e-01 

1.000000000000000e+02 3.174967781745098e-01 

1.000000000000000e+02 4.415745612626591e-01 

1.000000000000000e+02 2.770400001042139e-01 

1.000000000000000e+02 3.687722970607297e-01 

1.000000000000000e+02 4.503488856678283e-01 

1.000000000000000e+02 3.136775243710948e-01 

1.000000000000000e+02 2.535396150729433e-01 

1.000000000000000e+02 3.293818563992713e-01 

1.000000000000000e+02 3.981439870889572e-01 

1.000000000000000e+02 5.003087283031911e-01 

1.000000000000000e+02 2.833216965657876e-01 

1.000000000000000e+02 3.695552532520006e-01 

1.000000000000000e+02 2.760183487361699e-01 

1.000000000000000e+02 3.870152213243024e-01 

1.000000000000000e+02 2.994775638126838e-01 

1.000000000000000e+02 4.254179290882771e-01 

1.000000000000000e+02 3.716273734207114e-01 

1.000000000000000e+02 3.666893520773020e-01 

1.000000000000000e+02 2.958150862265898e-01 

1.000000000000000e+02 3.997656252881530e-01 

1.000000000000000e+02 2.584006112491918e-01 

1.000000000000000e+02 3.850109030051063e-01 

1.000000000000000e+02 4.617961786308157e-01 

1.000000000000000e+02 4.244769819155249e-01 

1.000000000000000e+02 4.965720627193808e-01 

1.000000000000000e+02 3.895109187116418e-01 

1.000000000000000e+02 3.036420186936362e-01 

1.000000000000000e+02 3.186009802801393e-01 

1.000000000000000e+02 3.621043808584151e-01 

1.000000000000000e+02 2.873919117211571e-01 

1.000000000000000e+02 3.850973452026081e-01 

1.000000000000000e+02 3.877336411494283e-01 

1.000000000000000e+02 3.253545259159684e-01 

1.000000000000000e+02 2.970976658824248e-01 

1.000000000000000e+02 4.535517978149166e-01 

1.000000000000000e+02 3.229562254977615e-01 

1.000000000000000e+02 2.850731223996980e-01 

1.000000000000000e+02 2.440245899121670e-01 

1.000000000000000e+02 3.017133200993725e-01 

1.000000000000000e+02 4.665746338011638e-01 

1.000000000000000e+02 3.684223954255887e-01 

1.000000000000000e+02 4.552956798744719e-01 

1.000000000000000e+02 2.886454996689534e-01 

1.000000000000000e+02 5.353076918922679e-01 

1.000000000000000e+02 2.037996322409883e-01 

1.000000000000000e+02 3.804407331545816e-01 

1.000000000000000e+02 4.783385569288107e-01 

1.000000000000000e+02 3.843607723531451e-01 

1.000000000000000e+02 4.006311936756812e-01 

1.000000000000000e+02 3.013799638431008e-01 

1.000000000000000e+02 5.511454251392290e-01 

1.000000000000000e+02 4.345606507777184e-01 

1.000000000000000e+02 3.542629154298376e-01 

1.000000000000000e+02 3.790108921530371e-01 

1.000000000000000e+02 2.233245282805018e-01 

1.000000000000000e+02 3.904765625250031e-01 

1.000000000000000e+02 3.246755617579581e-01 

1.000000000000000e+02 3.198697672854903e-01 

1.000000000000000e+02 4.703478773896083e-01 

1.000000000000000e+02 2.883215117505997e-01 

1.000000000000000e+02 3.911351212316276e-01 

1.000000000000000e+02 4.598723406514475e-01 

1.000000000000000e+02 3.339787841423179e-01 

1.000000000000000e+02 4.366195653397718e-01 

1.000000000000000e+02 4.260239660655777e-01 

1.000000000000000e+02 3.897163652437218e-01 

1.000000000000000e+02 2.696237174555904e-01 

1.000000000000000e+02 2.963720236181320e-01 

1.000000000000000e+02 3.881256963728219e-01 

1.000000000000000e+02 5.499139105764634e-01 

1.000000000000000e+02 3.120162837650357e-01 

1.000000000000000e+02 3.049374997941102e-01 

1.000000000000000e+02 4.162751360210607e-01 

1.000000000000000e+02 4.661856060566945e-01 

1.000000000000000e+02 3.506198772229461e-01 

1.000000000000000e+02 3.589599581959442e-01 

1.000000000000000e+02 2.699055279248948e-01 

1.000000000000000e+02 3.924125455004885e-01 

1.000000000000000e+02 3.681816239666352e-01 

1.000000000000000e+02 3.171853974850014e-01 

1.000000000000000e+02 3.069856115986186e-01 

1.000000000000000e+02 4.589788302660825e-01 

1.000000000000000e+02 3.061435185716959e-01 

1.000000000000000e+02 2.886512603947963e-01 

1.000000000000000e+02 4.081725849219873e-01 

1.000000000000000e+02 3.013799211446822e-01 

1.000000000000000e+02 3.712766337027918e-01 

1.000000000000000e+02 4.374320439715165e-01 

1.000000000000000e+02 3.358788266304057e-01 

1.000000000000000e+02 2.401223876998921e-01 

1.000000000000000e+02 2.994330927837147e-01 

1.000000000000000e+02 3.656551555480671e-01 

1.000000000000000e+02 4.817711038360986e-01 

1.000000000000000e+02 2.394922968774928e-01 

1.000000000000000e+02 4.018927918217155e-01 

1.000000000000000e+02 3.967018927262680e-01 

1.000000000000000e+02 3.676882101199751e-01 

1.000000000000000e+02 2.814770405826561e-01 

1.000000000000000e+02 5.207054456698917e-01 

1.000000000000000e+02 3.382750851209063e-01 

1.000000000000000e+02 3.198538193169983e-01 

1.000000000000000e+02 4.296307032044648e-01 

1.000000000000000e+02 4.180187500764123e-01 

1.000000000000000e+02 2.952349394146145e-01 

1.000000000000000e+02 2.964430606900448e-01 

1.000000000000000e+02 3.781173575802228e-01 

1.000000000000000e+02 3.252579682169343e-01 

1.000000000000000e+02 4.063105711390047e-01 

1.000000000000000e+02 3.515484875526806e-01 

1.000000000000000e+02 4.133696174291946e-01 

1.000000000000000e+02 3.604898067838048e-01 

1.000000000000000e+02 3.949377776599630e-01 

1.000000000000000e+02 3.114691780854677e-01 

1.000000000000000e+02 4.044387752686105e-01 

1.000000000000000e+02 2.848515622625427e-01 

1.000000000000000e+02 2.730075546570710e-01 

1.000000000000000e+02 2.868830822165635e-01 

1.000000000000000e+02 3.568765245286160e-01 

1.000000000000000e+02 4.113494998438486e-01 

1.000000000000000e+02 4.070013660089927e-01 

1.000000000000000e+02 2.521991838232244e-01 

1.000000000000000e+02 3.569346687622416e-01 

1.000000000000000e+02 3.609916665487826e-01 

1.000000000000000e+02 2.087830768123292e-01 

1.000000000000000e+02 2.664525193434776e-01 

1.000000000000000e+02 5.603888429314507e-01 

1.000000000000000e+02 3.315902172223899e-01 

1.000000000000000e+02 4.920164588109766e-01 

1.000000000000000e+02 3.864471759944015e-01 

1.000000000000000e+02 3.282254463660187e-01 

1.000000000000000e+02 3.915918605183228e-01 

1.000000000000000e+02 4.075294811857190e-01 

1.000000000000000e+02 3.679079999329977e-01 

1.000000000000000e+02 4.394734431086731e-01 

1.000000000000000e+02 5.130164877805542e-01 

1.000000000000000e+02 3.329688441553613e-01 

1.000000000000000e+02 4.514713050539390e-01 

1.000000000000000e+02 3.866148066141799e-01 

1.000000000000000e+02 4.946260806439819e-01 

1.000000000000000e+02 3.086129279977137e-01 

1.000000000000000e+02 4.510174317628943e-01 

1.000000000000000e+02 4.352888347699088e-01 

1.000000000000000e+02 3.081789883253466e-01 

1.000000000000000e+02 4.140448607051556e-01 

1.000000000000000e+02 4.503206714609396e-01 

1.000000000000000e+02 2.492507081952088e-01 

1.000000000000000e+02 3.299471647431148e-01 

1.000000000000000e+02 3.150046417583240e-01 

1.000000000000000e+02 3.442927632144509e-01 

1.000000000000000e+02 3.378309468832435e-01 
