
1.000000000000000e+02 2.479762930166051e-01 

1.000000000000000e+02 5.380807277375286e-01 

1.000000000000000e+02 3.265547521011538e-01 

1.000000000000000e+02 3.334332190913663e-01 

1.000000000000000e+02 1.566372729481681e-01 

1.000000000000000e+02 2.639702969221194e-01 

1.000000000000000e+02 3.728797640583826e-01 

1.000000000000000e+02 4.369610892789486e-01 

1.000000000000000e+02 2.474946011154237e-01 

1.000000000000000e+02 2.946818936925493e-01 

1.000000000000000e+02 2.388859311890739e-01 

1.000000000000000e+02 4.828441779991888e-01 

1.000000000000000e+02 2.650037203206382e-01 

1.000000000000000e+02 2.869616981880697e-01 

1.000000000000000e+02 3.643145659737632e-01 

1.000000000000000e+02 5.767471776010238e-01 

1.000000000000000e+02 1.920031162644402e-01 

1.000000000000000e+02 2.904040082258978e-01 

1.000000000000000e+02 2.844935141729732e-01 

1.000000000000000e+02 1.782703620644913e-01 

1.000000000000000e+02 1.560952331288990e-01 

1.000000000000000e+02 4.372679733128762e-01 

1.000000000000000e+02 3.527788455858805e-01 

1.000000000000000e+02 2.981338029543408e-01 

1.000000000000000e+02 3.695376419077989e-01 

1.000000000000000e+02 3.417403842319935e-01 

1.000000000000000e+02 1.547054599584932e-01 

1.000000000000000e+02 2.293123907294885e-01 

1.000000000000000e+02 3.726149553634432e-01 

1.000000000000000e+02 2.553349055279419e-01 

1.000000000000000e+02 3.558223967737946e-01 

1.000000000000000e+02 2.455635963236947e-01 

1.000000000000000e+02 2.566720697044209e-01 

1.000000000000000e+02 3.814121984622684e-01 

1.000000000000000e+02 3.115415552475653e-01 

1.000000000000000e+02 3.521399739741140e-01 

1.000000000000000e+02 4.836918596204499e-01 

1.000000000000000e+02 3.743706597279582e-01 

1.000000000000000e+02 3.082043709831736e-01 

1.000000000000000e+02 3.067543919575215e-01 

1.000000000000000e+02 3.398365896480060e-01 

1.000000000000000e+02 2.620539215265681e-01 

1.000000000000000e+02 2.770264089158951e-01 

1.000000000000000e+02 1.707998705457137e-01 

1.000000000000000e+02 2.898756629079502e-01 

1.000000000000000e+02 3.339826730399664e-01 

1.000000000000000e+02 4.822500000413860e-01 

1.000000000000000e+02 6.196632193595693e-01 

1.000000000000000e+02 1.584191729617609e-01 

1.000000000000000e+02 1.595478396298473e-01 

1.000000000000000e+02 3.848930923513232e-01 

1.000000000000000e+02 2.821206142963253e-01 

1.000000000000000e+02 2.939545327022047e-01 

1.000000000000000e+02 1.550756948119955e-01 

1.000000000000000e+02 4.408277201231540e-01 

1.000000000000000e+02 2.446840406048324e-01 

1.000000000000000e+02 3.165853320243281e-01 

1.000000000000000e+02 3.395983005140678e-01 

1.000000000000000e+02 4.283058249594121e-01 

1.000000000000000e+02 3.455535711842863e-01 

1.000000000000000e+02 2.300223883159312e-01 

1.000000000000000e+02 3.606236261202798e-01 

1.000000000000000e+02 3.863404996249971e-01 

1.000000000000000e+02 3.722155963666895e-01 

1.000000000000000e+02 4.827031249770849e-01 

1.000000000000000e+02 3.043028163974135e-01 

1.000000000000000e+02 2.688422129015292e-01 

1.000000000000000e+02 5.680083327002222e-01 

1.000000000000000e+02 2.285589786955049e-01 

1.000000000000000e+02 4.082541990282960e-01 

1.000000000000000e+02 3.231120689932955e-01 

1.000000000000000e+02 3.038152169328290e-01 

1.000000000000000e+02 3.581372338489122e-01 

1.000000000000000e+02 2.373863875499130e-01 

1.000000000000000e+02 4.038509212501280e-01 

1.000000000000000e+02 3.937347895943116e-01 

1.000000000000000e+02 3.321358202946032e-01 

1.000000000000000e+02 2.603137964358644e-01 

1.000000000000000e+02 4.076762149990080e-01 

1.000000000000000e+02 3.936666671660464e-01 

1.000000000000000e+02 2.774027775941407e-01 

1.000000000000000e+02 4.085405254011317e-01 

1.000000000000000e+02 2.414809775985726e-01 

1.000000000000000e+02 2.542874995544344e-01 

1.000000000000000e+02 3.723026789192900e-01 

1.000000000000000e+02 2.884426281523434e-01 

1.000000000000000e+02 2.684374993763049e-01 

1.000000000000000e+02 6.324087837461798e-01 

1.000000000000000e+02 3.178885417678327e-01 

1.000000000000000e+02 2.784839286071979e-01 

1.000000000000000e+02 2.949389397308960e-01 

1.000000000000000e+02 2.387988634321983e-01 

1.000000000000000e+02 3.212952703184219e-01 

1.000000000000000e+02 4.094227591161254e-01 

1.000000000000000e+02 3.286233660329057e-01 

1.000000000000000e+02 2.193842914401472e-01 

1.000000000000000e+02 1.611603465166415e-01 

1.000000000000000e+02 2.853923076048845e-01 

1.000000000000000e+02 2.648208953106053e-01 

1.000000000000000e+02 4.288526093472522e-01 

1.000000000000000e+02 5.036974301224719e-01 

1.000000000000000e+02 4.676250005135667e-01 

1.000000000000000e+02 2.398676265634951e-01 

1.000000000000000e+02 3.336378114111624e-01 

1.000000000000000e+02 4.346679857685423e-01 

1.000000000000000e+02 4.214907821850697e-01 

1.000000000000000e+02 3.262007046017807e-01 

1.000000000000000e+02 3.338167374735376e-01 

1.000000000000000e+02 4.751868276025619e-01 

1.000000000000000e+02 2.214576196219374e-01 

1.000000000000000e+02 2.981590910138105e-01 

1.000000000000000e+02 5.491969419521575e-01 

1.000000000000000e+02 3.493149510335339e-01 

1.000000000000000e+02 4.911410245949657e-01 

1.000000000000000e+02 5.533074559218492e-01 

1.000000000000000e+02 4.111267854319539e-01 

1.000000000000000e+02 2.233677775909615e-01 

1.000000000000000e+02 4.315277780924855e-01 

1.000000000000000e+02 4.454108454041512e-01 

1.000000000000000e+02 3.388583321129220e-01 

1.000000000000000e+02 4.014292798299340e-01 

1.000000000000000e+02 1.264821430514574e-01 

1.000000000000000e+02 2.021336805385582e-01 

1.000000000000000e+02 3.731480324553126e-01 

1.000000000000000e+02 6.320802941658852e-01 

1.000000000000000e+02 4.743916513670695e-01 

1.000000000000000e+02 2.494756099652050e-01 

1.000000000000000e+02 3.836942102815379e-01 

1.000000000000000e+02 4.677597867370991e-01 

1.000000000000000e+02 2.550763887559842e-01 

1.000000000000000e+02 3.441954022167489e-01 

1.000000000000000e+02 1.598905282419678e-01 

1.000000000000000e+02 3.128961032956114e-01 

1.000000000000000e+02 2.580576921604696e-01 

1.000000000000000e+02 3.487220984531888e-01 

1.000000000000000e+02 2.478088237179463e-01 

1.000000000000000e+02 4.483307357041337e-01 

1.000000000000000e+02 3.310693978304709e-01 

1.000000000000000e+02 4.082059509075996e-01 

1.000000000000000e+02 3.284421729046741e-01 

1.000000000000000e+02 4.507882656387484e-01 

1.000000000000000e+02 2.165275588616790e-01 

1.000000000000000e+02 3.117621356024740e-01 

1.000000000000000e+02 1.834819080295382e-01 

1.000000000000000e+02 2.747800001504594e-01 

1.000000000000000e+02 1.650426137410699e-01 

1.000000000000000e+02 2.616419079150640e-01 

1.000000000000000e+02 4.210662876226706e-01 

1.000000000000000e+02 4.636202383406122e-01 

1.000000000000000e+02 4.062308886220712e-01 

1.000000000000000e+02 4.576541467373097e-01 

1.000000000000000e+02 2.788072918385825e-01 

1.000000000000000e+02 4.353977280916709e-01 

1.000000000000000e+02 3.336920600181715e-01 

1.000000000000000e+02 3.895102983646858e-01 

1.000000000000000e+02 5.144880951518882e-01 

1.000000000000000e+02 4.576977271591727e-01 

1.000000000000000e+02 1.990658245198555e-01 

1.000000000000000e+02 2.818517152621559e-01 

1.000000000000000e+02 4.217166665110313e-01 

1.000000000000000e+02 2.460974766401494e-01 

1.000000000000000e+02 2.552711079822767e-01 

1.000000000000000e+02 4.425501820023686e-01 

1.000000000000000e+02 3.283604454019892e-01 

1.000000000000000e+02 5.486357146073275e-01 

1.000000000000000e+02 3.484236111211601e-01 

1.000000000000000e+02 3.432178574748997e-01 

1.000000000000000e+02 2.434845889587655e-01 

1.000000000000000e+02 3.702189223998724e-01 

1.000000000000000e+02 4.560007066962583e-01 

1.000000000000000e+02 2.573423914552238e-01 

1.000000000000000e+02 4.832430041340974e-01 

1.000000000000000e+02 2.126639733877740e-01 

1.000000000000000e+02 2.587052844918630e-01 

1.000000000000000e+02 3.651521739792478e-01 

1.000000000000000e+02 4.192083327306139e-01 

1.000000000000000e+02 1.911582914626151e-01 

1.000000000000000e+02 2.418379631397826e-01 

1.000000000000000e+02 2.496420455441539e-01 

1.000000000000000e+02 4.000470086326706e-01 

1.000000000000000e+02 4.845249993729299e-01 

1.000000000000000e+02 2.303392853853058e-01 

1.000000000000000e+02 3.529133991843426e-01 

1.000000000000000e+02 4.231377125922405e-01 

1.000000000000000e+02 2.088798076297446e-01 

1.000000000000000e+02 1.643775512217397e-01 

1.000000000000000e+02 4.265644941773715e-01 

1.000000000000000e+02 4.374328038381355e-01 

1.000000000000000e+02 1.946893565654063e-01 

1.000000000000000e+02 2.247394413842342e-01 

1.000000000000000e+02 4.606140347752650e-01 

1.000000000000000e+02 2.443058035901465e-01 

1.000000000000000e+02 4.473957567477743e-01 

1.000000000000000e+02 1.905465425249240e-01 

1.000000000000000e+02 3.592005812718281e-01 

1.000000000000000e+02 2.783015869736585e-01 

1.000000000000000e+02 3.541570511190839e-01 

1.000000000000000e+02 3.921220239013954e-01 

1.000000000000000e+02 2.299090909601806e-01 

1.000000000000000e+02 3.461076032906451e-01 

1.000000000000000e+02 4.935746525103678e-01 

1.000000000000000e+02 5.289519775429808e-01 

1.000000000000000e+02 5.308409089392603e-01 

1.000000000000000e+02 3.356597825453136e-01 

1.000000000000000e+02 3.612067589568751e-01 

1.000000000000000e+02 3.541657060963571e-01 

1.000000000000000e+02 5.742578126417938e-01 

1.000000000000000e+02 3.543741934961712e-01 

1.000000000000000e+02 4.185661145569852e-01 

1.000000000000000e+02 2.228644576643134e-01 

1.000000000000000e+02 5.899652772478868e-01 

1.000000000000000e+02 2.969109043281344e-01 

1.000000000000000e+02 4.143583328769556e-01 

1.000000000000000e+02 2.805301094712808e-01 

1.000000000000000e+02 2.816214285789963e-01 

1.000000000000000e+02 5.723058037854883e-01 

1.000000000000000e+02 2.246171600844407e-01 

1.000000000000000e+02 5.120436516958979e-01 

1.000000000000000e+02 2.984661765834649e-01 

1.000000000000000e+02 3.848688015330140e-01 

1.000000000000000e+02 5.114607850054552e-01 

1.000000000000000e+02 3.595675796520859e-01 

1.000000000000000e+02 2.166849997640150e-01 

1.000000000000000e+02 4.786190481056318e-01 

1.000000000000000e+02 2.079760634954374e-01 

1.000000000000000e+02 5.642877162013901e-01 

1.000000000000000e+02 5.055468757893534e-01 

1.000000000000000e+02 2.726620233335384e-01 

1.000000000000000e+02 4.786618855867369e-01 

1.000000000000000e+02 2.713194439805910e-01 

1.000000000000000e+02 3.972360537855403e-01 

1.000000000000000e+02 4.680848218761335e-01 

1.000000000000000e+02 2.655801972353545e-01 

1.000000000000000e+02 1.957656249205403e-01 

1.000000000000000e+02 3.020700000692204e-01 

1.000000000000000e+02 5.920686475078497e-01 

1.000000000000000e+02 3.216357296455579e-01 

1.000000000000000e+02 2.838152177309951e-01 

1.000000000000000e+02 3.612852299362836e-01 

1.000000000000000e+02 4.459826917602902e-01 

1.000000000000000e+02 4.103364444992152e-01 

1.000000000000000e+02 4.503880594647987e-01 

1.000000000000000e+02 3.662356273931793e-01 

1.000000000000000e+02 3.786134790322083e-01 

1.000000000000000e+02 4.547090515139137e-01 

1.000000000000000e+02 3.090217390620659e-01 

1.000000000000000e+02 4.135416657971628e-01 

1.000000000000000e+02 2.962880435576395e-01 

1.000000000000000e+02 2.717695653114324e-01 

1.000000000000000e+02 1.553083333729800e-01 

1.000000000000000e+02 3.731555559981068e-01 

1.000000000000000e+02 5.100357141342147e-01 

1.000000000000000e+02 2.836168480875838e-01 

1.000000000000000e+02 4.081551588006439e-01 

1.000000000000000e+02 1.560660212063989e-01 

1.000000000000000e+02 4.196679949854628e-01 

1.000000000000000e+02 3.184286605950024e-01 

1.000000000000000e+02 3.896374997298260e-01 

1.000000000000000e+02 3.465967742743349e-01 

1.000000000000000e+02 3.143561150236590e-01 
