
1.000000000000000e+02 3.143508519595817e-01 

1.000000000000000e+02 3.143411764692680e-01 

1.000000000000000e+02 3.019219800680190e-01 

1.000000000000000e+02 4.637982318078598e-01 

1.000000000000000e+02 3.322636985527067e-01 

1.000000000000000e+02 3.855668605236947e-01 

1.000000000000000e+02 4.714173917055989e-01 

1.000000000000000e+02 3.321856797123280e-01 

1.000000000000000e+02 3.086145839191812e-01 

1.000000000000000e+02 4.722916632893163e-01 

1.000000000000000e+02 3.184813432840614e-01 

1.000000000000000e+02 3.436757140289728e-01 

1.000000000000000e+02 3.870042940132234e-01 

1.000000000000000e+02 3.606427697484443e-01 

1.000000000000000e+02 3.981588546305367e-01 

1.000000000000000e+02 4.028750014570514e-01 

1.000000000000000e+02 3.393895180461927e-01 

1.000000000000000e+02 4.560703128806599e-01 

1.000000000000000e+02 3.890779996514561e-01 

1.000000000000000e+02 3.395644842779395e-01 

1.000000000000000e+02 2.822386364025948e-01 

1.000000000000000e+02 3.408749978984848e-01 

1.000000000000000e+02 -nan 

1.000000000000000e+02 3.740674999348460e-01 

1.000000000000000e+02 4.224035905602109e-01 

1.000000000000000e+02 3.409289767536494e-01 

1.000000000000000e+02 3.837633494674824e-01 

1.000000000000000e+02 4.173290375365631e-01 

1.000000000000000e+02 3.727384940740060e-01 

1.000000000000000e+02 3.734981749399018e-01 

1.000000000000000e+02 4.412083325298690e-01 

1.000000000000000e+02 -nan 

1.000000000000000e+02 3.468100642182493e-01 

1.000000000000000e+02 4.013251366569708e-01 

1.000000000000000e+02 3.984683159378610e-01 

1.000000000000000e+02 3.554870029769780e-01 

1.000000000000000e+02 5.189502596416893e-01 

1.000000000000000e+02 3.525159314330380e-01 

1.000000000000000e+02 4.021942768336626e-01 

1.000000000000000e+02 4.580833343793100e-01 

1.000000000000000e+02 3.191334742624252e-01 

1.000000000000000e+02 4.067368853105527e-01 

1.000000000000000e+02 4.402307687753016e-01 

1.000000000000000e+02 5.983647422526426e-01 

1.000000000000000e+02 5.390523437470188e-01 

1.000000000000000e+02 6.108274237184989e-01 

1.000000000000000e+02 4.903036184486102e-01 

1.000000000000000e+02 4.582002210357969e-01 

1.000000000000000e+02 3.539489635345203e-01 

1.000000000000000e+02 3.976174241399977e-01 

1.000000000000000e+02 4.246725843317287e-01 

1.000000000000000e+02 3.322660935256899e-01 

1.000000000000000e+02 3.053749999544085e-01 

1.000000000000000e+02 3.106151073369968e-01 

1.000000000000000e+02 -nan 

1.000000000000000e+02 4.279862919919193e-01 

1.000000000000000e+02 1.890395987510141e-01 

1.000000000000000e+02 -nan 

1.000000000000000e+02 2.766019730880285e-01 

1.000000000000000e+02 2.464207313252491e-01 

1.000000000000000e+02 2.665044289434950e-01 

1.000000000000000e+02 3.792128375719622e-01 

1.000000000000000e+02 3.631913265098893e-01 

1.000000000000000e+02 3.385988922342736e-01 

1.000000000000000e+02 3.617540323327356e-01 

1.000000000000000e+02 3.832206377171471e-01 

1.000000000000000e+02 4.003825003155072e-01 

1.000000000000000e+02 -nan 

1.000000000000000e+02 2.566388885285309e-01 

1.000000000000000e+02 2.523070984512421e-01 

1.000000000000000e+02 3.371921870159809e-01 

1.000000000000000e+02 3.621911763703629e-01 

1.000000000000000e+02 -nan 

1.000000000000000e+02 4.876330636687997e-01 

1.000000000000000e+02 4.882087913026150e-01 

1.000000000000000e+02 3.961605776534495e-01 

1.000000000000000e+02 4.185210393908045e-01 

1.000000000000000e+02 3.853055561583275e-01 

1.000000000000000e+02 2.615208321560842e-01 

1.000000000000000e+02 2.581297619005071e-01 

1.000000000000000e+02 2.810850690843621e-01 

1.000000000000000e+02 2.636132551444314e-01 

1.000000000000000e+02 3.774327651994842e-01 

1.000000000000000e+02 2.924090907767816e-01 

1.000000000000000e+02 5.105610467715088e-01 

1.000000000000000e+02 4.012359914786039e-01 

1.000000000000000e+02 5.372500034672851e-01 

1.000000000000000e+02 3.459976416884539e-01 

1.000000000000000e+02 3.843216345861060e-01 

1.000000000000000e+02 3.575383212186156e-01 

1.000000000000000e+02 3.109228922288865e-01 

1.000000000000000e+02 4.416443583414851e-01 

1.000000000000000e+02 3.638787598426292e-01 

1.000000000000000e+02 -nan 

1.000000000000000e+02 4.339821418481287e-01 

1.000000000000000e+02 5.352298398965972e-01 

1.000000000000000e+02 4.471477274645078e-01 

1.000000000000000e+02 5.213281253233275e-01 

1.000000000000000e+02 5.061249919235709e-01 

1.000000000000000e+02 4.749011676388158e-01 

1.000000000000000e+02 3.193786231719394e-01 

1.000000000000000e+02 3.328249995595928e-01 

1.000000000000000e+02 3.224354495198214e-01 

1.000000000000000e+02 2.915835119011431e-01 

1.000000000000000e+02 3.721332846728357e-01 

1.000000000000000e+02 3.828719949712249e-01 

1.000000000000000e+02 -nan 

1.000000000000000e+02 3.260970574201913e-01 

1.000000000000000e+02 2.591570410465666e-01 

1.000000000000000e+02 2.736207428662426e-01 

1.000000000000000e+02 3.104999996721745e-01 

1.000000000000000e+02 3.407507364134421e-01 

1.000000000000000e+02 4.059229748730203e-01 

1.000000000000000e+02 -nan 

1.000000000000000e+02 2.736960785718819e-01 

1.000000000000000e+02 2.719514804990302e-01 

1.000000000000000e+02 2.550806248839421e-01 

1.000000000000000e+02 2.532407973258224e-01 

1.000000000000000e+02 2.153241755748633e-01 

1.000000000000000e+02 2.878214281847985e-01 

1.000000000000000e+02 2.520000003278255e-01 

1.000000000000000e+02 2.670159575315351e-01 

1.000000000000000e+02 2.702471907722275e-01 

1.000000000000000e+02 2.721867604489980e-01 

1.000000000000000e+02 2.708662007635863e-01 

1.000000000000000e+02 2.706655346612685e-01 

1.000000000000000e+02 2.985117999732811e-01 

1.000000000000000e+02 2.600880636505490e-01 

1.000000000000000e+02 3.077652213193713e-01 

1.000000000000000e+02 3.700819536427545e-01 

1.000000000000000e+02 4.105695651494359e-01 

1.000000000000000e+02 4.074195542345278e-01 

1.000000000000000e+02 3.448636364676695e-01 

1.000000000000000e+02 3.449500009404127e-01 

1.000000000000000e+02 -nan 

1.000000000000000e+02 3.650458864159616e-01 

1.000000000000000e+02 2.853924913629332e-01 

1.000000000000000e+02 2.493897058699540e-01 

1.000000000000000e+02 2.218423771338585e-01 

1.000000000000000e+02 2.266111486618723e-01 

1.000000000000000e+02 2.909514654340647e-01 

1.000000000000000e+02 3.005957207596286e-01 

1.000000000000000e+02 3.919250003997565e-01 

1.000000000000000e+02 2.980206978641011e-01 

1.000000000000000e+02 3.555681135083300e-01 

1.000000000000000e+02 4.815312484311503e-01 

1.000000000000000e+02 3.892000007697203e-01 

1.000000000000000e+02 3.487088064111001e-01 

1.000000000000000e+02 2.902714645471137e-01 

1.000000000000000e+02 2.717047415290435e-01 

1.000000000000000e+02 3.414166656634163e-01 

1.000000000000000e+02 3.983309757218952e-01 

1.000000000000000e+02 3.609415484471152e-01 

1.000000000000000e+02 4.192934766734724e-01 

1.000000000000000e+02 3.069078948937715e-01 

1.000000000000000e+02 3.259138256366796e-01 

1.000000000000000e+02 2.981616972578884e-01 

1.000000000000000e+02 2.962708326166958e-01 

1.000000000000000e+02 3.670499991625158e-01 

1.000000000000000e+02 3.092520835810008e-01 

1.000000000000000e+02 3.125789417191359e-01 

1.000000000000000e+02 2.477421865335402e-01 

1.000000000000000e+02 2.594189190528661e-01 

1.000000000000000e+02 2.824246182128400e-01 

1.000000000000000e+02 3.140703884939245e-01 

1.000000000000000e+02 3.781105759191658e-01 

1.000000000000000e+02 5.213749967515469e-01 

1.000000000000000e+02 3.473214286242723e-01 

1.000000000000000e+02 3.161484373501692e-01 

1.000000000000000e+02 2.820030863591488e-01 

1.000000000000000e+02 3.498437499317432e-01 

1.000000000000000e+02 4.587749995285810e-01 

1.000000000000000e+02 3.608541667152014e-01 

1.000000000000000e+02 4.029156234115510e-01 

1.000000000000000e+02 3.190416668849762e-01 

1.000000000000000e+02 3.787391303193993e-01 

1.000000000000000e+02 3.947377450235405e-01 

1.000000000000000e+02 3.720506427577354e-01 

1.000000000000000e+02 4.124588324761908e-01 

1.000000000000000e+02 5.441106870800840e-01 

1.000000000000000e+02 4.494202896630460e-01 

1.000000000000000e+02 4.785593766715439e-01 

1.000000000000000e+02 -nan 

1.000000000000000e+02 3.520555550026556e-01 

1.000000000000000e+02 2.667699999550960e-01 

1.000000000000000e+02 2.653127802837625e-01 

1.000000000000000e+02 2.618086051960105e-01 

1.000000000000000e+02 2.392828388659900e-01 

1.000000000000000e+02 2.484638390795463e-01 

1.000000000000000e+02 2.754060557658100e-01 

1.000000000000000e+02 3.165840163339411e-01 

1.000000000000000e+02 -nan 

1.000000000000000e+02 4.154137167566023e-01 

1.000000000000000e+02 4.309643293661706e-01 

1.000000000000000e+02 2.821616135823186e-01 

1.000000000000000e+02 4.566521741165646e-01 

1.000000000000000e+02 2.434144731813176e-01 

1.000000000000000e+02 2.298514955384066e-01 

1.000000000000000e+02 3.156645408337175e-01 

1.000000000000000e+02 2.440481703908514e-01 

1.000000000000000e+02 2.315782310858369e-01 

1.000000000000000e+02 2.517880439435625e-01 

1.000000000000000e+02 3.863750007008651e-01 

1.000000000000000e+02 5.046363649043856e-01 

1.000000000000000e+02 5.046993246856496e-01 

1.000000000000000e+02 5.159499980516891e-01 

1.000000000000000e+02 2.572217336927690e-01 

1.000000000000000e+02 3.693843166235549e-01 

1.000000000000000e+02 3.213252117068994e-01 

1.000000000000000e+02 3.829028847053460e-01 

1.000000000000000e+02 3.562630759618086e-01 

1.000000000000000e+02 4.052936836581220e-01 

1.000000000000000e+02 3.749895826469115e-01 

1.000000000000000e+02 2.859439574372383e-01 

1.000000000000000e+02 2.955853659142931e-01 

1.000000000000000e+02 3.192816149921572e-01 

1.000000000000000e+02 3.430632714549455e-01 

1.000000000000000e+02 2.938326205191867e-01 

1.000000000000000e+02 -nan 

1.000000000000000e+02 3.786742428155782e-01 

1.000000000000000e+02 4.009653109985889e-01 

1.000000000000000e+02 3.526436776937760e-01 

1.000000000000000e+02 3.484528686656410e-01 

1.000000000000000e+02 4.647154697108975e-01 

1.000000000000000e+02 3.862110089447371e-01 

1.000000000000000e+02 4.293571409912467e-01 

1.000000000000000e+02 3.848999999470691e-01 

1.000000000000000e+02 3.172413787064447e-01 

1.000000000000000e+02 3.136000018564952e-01 

1.000000000000000e+02 3.240846893134600e-01 

1.000000000000000e+02 4.300376711982720e-01 

1.000000000000000e+02 3.414366199096702e-01 

1.000000000000000e+02 2.740690320684585e-01 

1.000000000000000e+02 3.523583691884877e-01 

1.000000000000000e+02 4.184892780282078e-01 

1.000000000000000e+02 -nan 

1.000000000000000e+02 3.369672084687461e-01 

1.000000000000000e+02 3.225689099807751e-01 

1.000000000000000e+02 3.901160715354219e-01 

1.000000000000000e+02 4.070250002665208e-01 

1.000000000000000e+02 1.792500000447035e-01 

1.000000000000000e+02 2.183154410300883e-01 

1.000000000000000e+02 -nan 

1.000000000000000e+02 3.489319857975885e-01 

1.000000000000000e+02 3.657499996944088e-01 

1.000000000000000e+02 2.984073196640277e-01 

1.000000000000000e+02 3.307749998556477e-01 

1.000000000000000e+02 3.222957744565580e-01 

1.000000000000000e+02 3.572786010297928e-01 

1.000000000000000e+02 3.272343754064788e-01 

1.000000000000000e+02 3.536724450820507e-01 

1.000000000000000e+02 3.269515369214268e-01 

1.000000000000000e+02 3.168186044884009e-01 

1.000000000000000e+02 2.504879153444019e-01 

1.000000000000000e+02 3.292053156604769e-01 

1.000000000000000e+02 2.102198510349420e-01 

1.000000000000000e+02 3.857035964464560e-01 

1.000000000000000e+02 2.394235827828172e-01 

1.000000000000000e+02 2.879810131427517e-01 

1.000000000000000e+02 3.769302720039751e-01 

1.000000000000000e+02 3.436052238819262e-01 
