
1.000000000000000e+02 3.932023811936461e-01 

1.000000000000000e+02 3.315029761577269e-01 

1.000000000000000e+02 3.403858693885191e-01 

1.000000000000000e+02 3.571065474215216e-01 

1.000000000000000e+02 3.356170632980268e-01 

1.000000000000000e+02 3.145892859506553e-01 

1.000000000000000e+02 3.004832968139174e-01 

1.000000000000000e+02 3.798167517179002e-01 

1.000000000000000e+02 3.819712736407813e-01 

1.000000000000000e+02 4.114232139044158e-01 

1.000000000000000e+02 3.171561319870712e-01 

1.000000000000000e+02 3.721125227673300e-01 

1.000000000000000e+02 3.571098715230304e-01 

1.000000000000000e+02 4.300029579012119e-01 

1.000000000000000e+02 4.028085229834933e-01 

1.000000000000000e+02 3.468471319250485e-01 

1.000000000000000e+02 4.165112433961858e-01 

1.000000000000000e+02 3.394955354967101e-01 

1.000000000000000e+02 3.954263395584651e-01 

1.000000000000000e+02 3.991249999591163e-01 

1.000000000000000e+02 3.187261908980774e-01 

1.000000000000000e+02 4.024960319435673e-01 

1.000000000000000e+02 3.398288691949647e-01 

1.000000000000000e+02 3.315747767587760e-01 

1.000000000000000e+02 2.871752231981212e-01 

1.000000000000000e+02 3.275969101310361e-01 

1.000000000000000e+02 4.319794237648653e-01 

1.000000000000000e+02 3.659902777732562e-01 

1.000000000000000e+02 4.980755584936530e-01 

1.000000000000000e+02 3.955700758248649e-01 

1.000000000000000e+02 3.763028842110405e-01 

1.000000000000000e+02 3.366509466857476e-01 

1.000000000000000e+02 3.813749994668399e-01 

1.000000000000000e+02 3.922776164502191e-01 

1.000000000000000e+02 3.445773809143250e-01 

1.000000000000000e+02 3.194107142617709e-01 

1.000000000000000e+02 4.655264828163887e-01 

1.000000000000000e+02 3.055044645882524e-01 

1.000000000000000e+02 4.615218120835991e-01 

1.000000000000000e+02 3.326482554365364e-01 

1.000000000000000e+02 3.200136904649395e-01 

1.000000000000000e+02 4.632499998878905e-01 

1.000000000000000e+02 4.632336301726558e-01 

1.000000000000000e+02 3.094315475873921e-01 

1.000000000000000e+02 3.474852943243691e-01 

1.000000000000000e+02 3.352331350157130e-01 

1.000000000000000e+02 3.667916666739443e-01 

1.000000000000000e+02 3.380753965159951e-01 

1.000000000000000e+02 3.404530384759857e-01 

1.000000000000000e+02 3.022888085404110e-01 

1.000000000000000e+02 4.313106509524136e-01 

1.000000000000000e+02 4.458105155829299e-01 

1.000000000000000e+02 3.207199902030712e-01 

1.000000000000000e+02 4.554129464034957e-01 

1.000000000000000e+02 3.070314847339702e-01 

1.000000000000000e+02 3.242807858092149e-01 

1.000000000000000e+02 3.226438491415371e-01 

1.000000000000000e+02 2.821399995687519e-01 

1.000000000000000e+02 3.615231226731506e-01 

1.000000000000000e+02 4.904895830406067e-01 

1.000000000000000e+02 3.589921875499377e-01 

1.000000000000000e+02 2.938958334158777e-01 

1.000000000000000e+02 3.545840097251718e-01 

1.000000000000000e+02 3.802872023191670e-01 

1.000000000000000e+02 3.378943887327902e-01 

1.000000000000000e+02 3.364887971710531e-01 

1.000000000000000e+02 3.056335565246010e-01 

1.000000000000000e+02 3.189313118577647e-01 

1.000000000000000e+02 2.991431749284949e-01 

1.000000000000000e+02 3.570590986788911e-01 

1.000000000000000e+02 3.615863096144774e-01 

1.000000000000000e+02 3.280828743024650e-01 

1.000000000000000e+02 3.920952382367824e-01 

1.000000000000000e+02 3.781630951373885e-01 

1.000000000000000e+02 4.247954548760208e-01 

1.000000000000000e+02 2.942388391769561e-01 

1.000000000000000e+02 3.192038697502834e-01 

1.000000000000000e+02 2.979761896921127e-01 

1.000000000000000e+02 4.178367438147365e-01 

1.000000000000000e+02 4.022653301965535e-01 

1.000000000000000e+02 4.573068450738235e-01 

1.000000000000000e+02 3.160620023068714e-01 

1.000000000000000e+02 4.360937506093381e-01 

1.000000000000000e+02 3.074955355949872e-01 

1.000000000000000e+02 4.000315791879371e-01 

1.000000000000000e+02 3.312081800745312e-01 

1.000000000000000e+02 4.731708330413211e-01 

1.000000000000000e+02 3.471230156128387e-01 

1.000000000000000e+02 4.035535711972499e-01 

1.000000000000000e+02 3.665535716960810e-01 

1.000000000000000e+02 3.760497022684974e-01 

1.000000000000000e+02 3.197595236999048e-01 

1.000000000000000e+02 3.742970239369238e-01 

1.000000000000000e+02 3.114580628845100e-01 

1.000000000000000e+02 3.616324404277713e-01 

1.000000000000000e+02 3.010756799722460e-01 

1.000000000000000e+02 3.830082936934558e-01 

1.000000000000000e+02 3.909111448439362e-01 

1.000000000000000e+02 3.361963004425425e-01 

1.000000000000000e+02 4.417187498788948e-01 

1.000000000000000e+02 3.086061510849986e-01 

1.000000000000000e+02 3.575547616216913e-01 

1.000000000000000e+02 3.456481590181074e-01 

1.000000000000000e+02 3.049594495788544e-01 

1.000000000000000e+02 3.496795639334677e-01 

1.000000000000000e+02 3.958541667529663e-01 

1.000000000000000e+02 5.151096226736440e-01 

1.000000000000000e+02 3.250142098485753e-01 

1.000000000000000e+02 3.206391363911988e-01 

1.000000000000000e+02 3.623246021213682e-01 

1.000000000000000e+02 4.404345239031618e-01 

1.000000000000000e+02 4.583236386183927e-01 

1.000000000000000e+02 3.709728262672485e-01 

1.000000000000000e+02 4.213641509857305e-01 

1.000000000000000e+02 3.165952382517563e-01 

1.000000000000000e+02 3.805112613270348e-01 

1.000000000000000e+02 3.473840783239685e-01 

1.000000000000000e+02 3.689300593749729e-01 

1.000000000000000e+02 4.875335086617141e-01 

1.000000000000000e+02 4.053437498930267e-01 

1.000000000000000e+02 3.054544491282760e-01 

1.000000000000000e+02 3.634399350739323e-01 

1.000000000000000e+02 3.699664397144282e-01 

1.000000000000000e+02 4.172674060609817e-01 

1.000000000000000e+02 3.422700896405033e-01 

1.000000000000000e+02 3.262348296302112e-01 

1.000000000000000e+02 3.324620533743561e-01 

1.000000000000000e+02 3.530428569056083e-01 

1.000000000000000e+02 3.881136362380737e-01 

1.000000000000000e+02 3.291587301252373e-01 

1.000000000000000e+02 4.065286145514544e-01 

1.000000000000000e+02 3.352451129767446e-01 

1.000000000000000e+02 3.452999997799989e-01 

1.000000000000000e+02 4.976526681823515e-01 

1.000000000000000e+02 4.188584655021586e-01 

1.000000000000000e+02 3.332323909270594e-01 

1.000000000000000e+02 3.614156747916590e-01 

1.000000000000000e+02 3.073146549340526e-01 

1.000000000000000e+02 3.873350962355436e-01 

1.000000000000000e+02 3.141374459120350e-01 

1.000000000000000e+02 3.880997293027011e-01 

1.000000000000000e+02 4.074244182989966e-01 

1.000000000000000e+02 3.041865081998145e-01 

1.000000000000000e+02 3.876627662157224e-01 

1.000000000000000e+02 3.267207342748114e-01 

1.000000000000000e+02 3.146391367159388e-01 

1.000000000000000e+02 3.338686567021248e-01 

1.000000000000000e+02 3.159124151784829e-01 

1.000000000000000e+02 3.215907361350541e-01 

1.000000000000000e+02 3.739801827337390e-01 

1.000000000000000e+02 3.184815474207963e-01 

1.000000000000000e+02 3.397861923793893e-01 

1.000000000000000e+02 2.962862101586738e-01 

1.000000000000000e+02 2.984122026133724e-01 

1.000000000000000e+02 3.294786765297803e-01 

1.000000000000000e+02 4.120952379662293e-01 

1.000000000000000e+02 2.974179421114045e-01 

1.000000000000000e+02 3.123904761281903e-01 

1.000000000000000e+02 3.378273799039773e-01 

1.000000000000000e+02 3.415431548683112e-01 

1.000000000000000e+02 2.832321427494968e-01 

1.000000000000000e+02 3.220419174874632e-01 

1.000000000000000e+02 4.693767010380271e-01 

1.000000000000000e+02 3.941532734759610e-01 

1.000000000000000e+02 3.973095236902704e-01 

1.000000000000000e+02 3.478005952791695e-01 

1.000000000000000e+02 3.033593753351988e-01 

1.000000000000000e+02 3.079910710495368e-01 

1.000000000000000e+02 -nan 

1.000000000000000e+02 3.381369050060460e-01 

1.000000000000000e+02 4.931887502599210e-01 

1.000000000000000e+02 3.471934522636849e-01 

1.000000000000000e+02 4.843472215152274e-01 

1.000000000000000e+02 3.858812833795607e-01 

1.000000000000000e+02 4.645297620753508e-01 

1.000000000000000e+02 4.716768874160964e-01 

1.000000000000000e+02 3.289885205236758e-01 

1.000000000000000e+02 3.650252980490257e-01 

1.000000000000000e+02 3.062942177562059e-01 

1.000000000000000e+02 3.898087233470264e-01 

1.000000000000000e+02 3.470192308393401e-01 

1.000000000000000e+02 3.414347344192037e-01 

1.000000000000000e+02 3.152874648644280e-01 

1.000000000000000e+02 5.072870374743118e-01 

1.000000000000000e+02 3.548854166891310e-01 

1.000000000000000e+02 3.062954545168331e-01 

1.000000000000000e+02 3.136139455927018e-01 

1.000000000000000e+02 3.517321428461599e-01 

1.000000000000000e+02 3.380285713287928e-01 

1.000000000000000e+02 3.549592065551373e-01 

1.000000000000000e+02 3.848229167830405e-01 

1.000000000000000e+02 3.424434521944613e-01 

1.000000000000000e+02 2.997345617970890e-01 

1.000000000000000e+02 3.052672619088001e-01 

1.000000000000000e+02 4.278071233858821e-01 

1.000000000000000e+02 3.810779762011013e-01 

1.000000000000000e+02 4.007945200047185e-01 

1.000000000000000e+02 3.619360068412740e-01 

1.000000000000000e+02 3.235749008339325e-01 

1.000000000000000e+02 -nan 

1.000000000000000e+02 3.246726191025949e-01 

1.000000000000000e+02 3.031259612680723e-01 

1.000000000000000e+02 4.359738097306152e-01 

1.000000000000000e+02 3.769849811953606e-01 

1.000000000000000e+02 3.450168647345000e-01 

1.000000000000000e+02 3.268426342899612e-01 

1.000000000000000e+02 3.913690480181559e-01 

1.000000000000000e+02 3.702892854276237e-01 

1.000000000000000e+02 3.097635803124150e-01 

1.000000000000000e+02 3.863601189317093e-01 

1.000000000000000e+02 2.994389875706194e-01 

1.000000000000000e+02 3.343477182032459e-01 

1.000000000000000e+02 3.809096320689300e-01 

1.000000000000000e+02 3.484420027979148e-01 

1.000000000000000e+02 4.325535712401697e-01 

1.000000000000000e+02 3.653458996711988e-01 

1.000000000000000e+02 4.451272322224261e-01 

1.000000000000000e+02 3.155492725364194e-01 

1.000000000000000e+02 4.243946431469529e-01 

1.000000000000000e+02 3.173801547070212e-01 

1.000000000000000e+02 3.344804219991244e-01 

1.000000000000000e+02 3.928611112211449e-01 

1.000000000000000e+02 3.890674603690845e-01 

1.000000000000000e+02 4.953258552749589e-01 

1.000000000000000e+02 3.010144344796958e-01 

1.000000000000000e+02 3.497943766870714e-01 

1.000000000000000e+02 2.952544644987639e-01 

1.000000000000000e+02 3.761126704731220e-01 

1.000000000000000e+02 4.612988444409881e-01 

1.000000000000000e+02 3.563410715594620e-01 

1.000000000000000e+02 3.033787424167430e-01 

1.000000000000000e+02 3.141283631123446e-01 

1.000000000000000e+02 3.373941386382248e-01 

1.000000000000000e+02 3.545806684673104e-01 

1.000000000000000e+02 3.145141370839280e-01 

1.000000000000000e+02 2.999702380173624e-01 

1.000000000000000e+02 4.658703782633934e-01 

1.000000000000000e+02 3.079088825507309e-01 

1.000000000000000e+02 4.081607142698063e-01 

1.000000000000000e+02 3.427682690609125e-01 

1.000000000000000e+02 4.252694360171419e-01 

1.000000000000000e+02 2.977936507384103e-01 

1.000000000000000e+02 3.104798165551715e-01 

1.000000000000000e+02 3.423358131983226e-01 

1.000000000000000e+02 4.068503180270054e-01 

1.000000000000000e+02 4.225580356122553e-01 

1.000000000000000e+02 3.193915817621196e-01 

1.000000000000000e+02 3.432562495280229e-01 

1.000000000000000e+02 4.049422710792360e-01 

1.000000000000000e+02 3.845267858827321e-01 

1.000000000000000e+02 3.030595728208834e-01 

1.000000000000000e+02 3.429434525513414e-01 

1.000000000000000e+02 4.165522485341480e-01 

1.000000000000000e+02 3.387126831827504e-01 

1.000000000000000e+02 3.869583336194307e-01 

1.000000000000000e+02 4.419483983377930e-01 

1.000000000000000e+02 4.950000001115380e-01 

1.000000000000000e+02 4.355595236468534e-01 

1.000000000000000e+02 3.764306003675020e-01 

1.000000000000000e+02 3.544955356040281e-01 
