
1.000000000000000e+02 3.710032470396601e-01 

1.000000000000000e+02 2.055130433341817e-01 

1.000000000000000e+02 3.170739203422146e-01 

1.000000000000000e+02 4.755780141772323e-01 

1.000000000000000e+02 3.915984373306159e-01 

1.000000000000000e+02 4.980964809114530e-01 

1.000000000000000e+02 2.685029412948176e-01 

1.000000000000000e+02 4.038298383474834e-01 

1.000000000000000e+02 2.457005491502170e-01 

1.000000000000000e+02 5.486095674151971e-01 

1.000000000000000e+02 5.018467391557612e-01 

1.000000000000000e+02 2.677991666396342e-01 

1.000000000000000e+02 4.662092160434300e-01 

1.000000000000000e+02 3.020489585664070e-01 

1.000000000000000e+02 2.073659419762051e-01 

1.000000000000000e+02 2.339923074326243e-01 

1.000000000000000e+02 6.057215911883478e-01 

1.000000000000000e+02 3.969926034325632e-01 

1.000000000000000e+02 4.185495328435784e-01 

1.000000000000000e+02 3.981524086261750e-01 

1.000000000000000e+02 4.637059925667999e-01 

1.000000000000000e+02 3.342701610659846e-01 

1.000000000000000e+02 4.329750996336523e-01 

1.000000000000000e+02 1.527154696436195e-01 

1.000000000000000e+02 5.659054686084813e-01 

1.000000000000000e+02 2.763737500088846e-01 

1.000000000000000e+02 3.785584241798713e-01 

1.000000000000000e+02 5.896883260474746e-01 

1.000000000000000e+02 3.052059460833118e-01 

1.000000000000000e+02 3.953657716249787e-01 

1.000000000000000e+02 2.362257945996352e-01 

1.000000000000000e+02 4.079003161573679e-01 

1.000000000000000e+02 2.645658787406187e-01 

1.000000000000000e+02 1.636043920484941e-01 

1.000000000000000e+02 3.597942015607445e-01 

1.000000000000000e+02 2.213570882746531e-01 

1.000000000000000e+02 2.435086205944627e-01 

1.000000000000000e+02 5.359620213970696e-01 

1.000000000000000e+02 4.330389714375106e-01 

1.000000000000000e+02 3.412334471856107e-01 

1.000000000000000e+02 4.271566145165622e-01 

1.000000000000000e+02 4.558755409747433e-01 

1.000000000000000e+02 3.151551987689274e-01 

1.000000000000000e+02 3.049634955111620e-01 

1.000000000000000e+02 2.988892855067315e-01 

1.000000000000000e+02 4.496516855538170e-01 

1.000000000000000e+02 4.720265718434477e-01 

1.000000000000000e+02 2.542931337626721e-01 

1.000000000000000e+02 4.814803189026033e-01 

1.000000000000000e+02 5.149090910752591e-01 

1.000000000000000e+02 2.956203707022104e-01 

1.000000000000000e+02 4.708860849469511e-01 

1.000000000000000e+02 2.356369949715575e-01 

1.000000000000000e+02 3.061659398791144e-01 

1.000000000000000e+02 2.223225634829052e-01 

1.000000000000000e+02 4.176474365093888e-01 

1.000000000000000e+02 3.091728720875412e-01 

1.000000000000000e+02 4.575882352294170e-01 

1.000000000000000e+02 3.673753480539887e-01 

1.000000000000000e+02 1.676243963664969e-01 

1.000000000000000e+02 3.188449068593413e-01 

1.000000000000000e+02 3.951055898753387e-01 

1.000000000000000e+02 2.366064186868218e-01 

1.000000000000000e+02 4.232171312402781e-01 

1.000000000000000e+02 2.142131411205343e-01 

1.000000000000000e+02 3.058327314701985e-01 

1.000000000000000e+02 5.537053197146830e-01 

1.000000000000000e+02 4.819377192083053e-01 

1.000000000000000e+02 4.932618055493506e-01 

1.000000000000000e+02 2.946542551492473e-01 

1.000000000000000e+02 4.761144954304047e-01 

1.000000000000000e+02 3.574192621056667e-01 

1.000000000000000e+02 4.406493777075479e-01 

1.000000000000000e+02 5.112289099974145e-01 

1.000000000000000e+02 3.392948825159487e-01 

1.000000000000000e+02 4.606896238623106e-01 

1.000000000000000e+02 3.134500770757575e-01 

1.000000000000000e+02 3.625203277147984e-01 

1.000000000000000e+02 4.842001843743713e-01 

1.000000000000000e+02 5.129806550573016e-01 

1.000000000000000e+02 4.065367323430469e-01 

1.000000000000000e+02 3.648105932286220e-01 

1.000000000000000e+02 5.159366436890919e-01 

1.000000000000000e+02 3.355899578562059e-01 

1.000000000000000e+02 2.681315785371617e-01 

1.000000000000000e+02 3.198054539207090e-01 

1.000000000000000e+02 3.003593220107732e-01 

1.000000000000000e+02 2.849183330021163e-01 

1.000000000000000e+02 4.473971154540360e-01 

1.000000000000000e+02 3.773080218941758e-01 

1.000000000000000e+02 3.317344292586021e-01 

1.000000000000000e+02 4.821299023597251e-01 

1.000000000000000e+02 2.530752117405384e-01 

1.000000000000000e+02 2.858257919667642e-01 

1.000000000000000e+02 3.369807924437837e-01 

1.000000000000000e+02 4.159841187008310e-01 

1.000000000000000e+02 3.222925437778603e-01 

1.000000000000000e+02 4.074905061551150e-01 

1.000000000000000e+02 4.074514703934362e-01 

1.000000000000000e+02 2.646627550757091e-01 

1.000000000000000e+02 4.312978266699155e-01 

1.000000000000000e+02 3.103394397006539e-01 

1.000000000000000e+02 4.398653535802094e-01 

1.000000000000000e+02 4.386096840333369e-01 

1.000000000000000e+02 3.700884671155011e-01 

1.000000000000000e+02 3.335868751863303e-01 

1.000000000000000e+02 3.781597827655904e-01 

1.000000000000000e+02 4.464119174010897e-01 

1.000000000000000e+02 2.930196076995991e-01 

1.000000000000000e+02 3.973006606881532e-01 

1.000000000000000e+02 3.112583762977002e-01 

1.000000000000000e+02 3.060412731390356e-01 

1.000000000000000e+02 5.069301020277951e-01 

1.000000000000000e+02 2.743375001010780e-01 

1.000000000000000e+02 2.791735392730078e-01 

1.000000000000000e+02 2.743774750407857e-01 

1.000000000000000e+02 4.250134494556228e-01 

1.000000000000000e+02 2.115409385786151e-01 

1.000000000000000e+02 4.674925743152903e-01 

1.000000000000000e+02 2.625097517345845e-01 

1.000000000000000e+02 3.194367234473722e-01 

1.000000000000000e+02 5.696198874074521e-01 

1.000000000000000e+02 4.368001149564699e-01 

1.000000000000000e+02 3.411252784287351e-01 

1.000000000000000e+02 2.035903897265541e-01 

1.000000000000000e+02 4.268105180664437e-01 

1.000000000000000e+02 3.585734794270471e-01 

1.000000000000000e+02 4.706626393973697e-01 

1.000000000000000e+02 2.398124998952090e-01 

1.000000000000000e+02 4.820507613441125e-01 

1.000000000000000e+02 3.596479953531176e-01 

1.000000000000000e+02 4.729878557405072e-01 

1.000000000000000e+02 4.926812202630939e-01 

1.000000000000000e+02 3.385317458783403e-01 

1.000000000000000e+02 2.359372145926636e-01 

1.000000000000000e+02 2.347610619545864e-01 

1.000000000000000e+02 3.870771930535284e-01 

1.000000000000000e+02 5.238567582333558e-01 

1.000000000000000e+02 4.060445501432908e-01 

1.000000000000000e+02 3.624429978273728e-01 

1.000000000000000e+02 3.599486917865353e-01 

1.000000000000000e+02 3.653979804211714e-01 

1.000000000000000e+02 1.095479250712992e-01 

1.000000000000000e+02 4.567149759895932e-01 

1.000000000000000e+02 4.857728046335530e-01 

1.000000000000000e+02 5.475714283861546e-01 

1.000000000000000e+02 6.087321428181517e-01 

1.000000000000000e+02 2.718439263390175e-01 

1.000000000000000e+02 2.593232756124528e-01 

1.000000000000000e+02 3.108517360667107e-01 

1.000000000000000e+02 3.392013106634436e-01 

1.000000000000000e+02 2.996734694329948e-01 

1.000000000000000e+02 4.683401165963192e-01 

1.000000000000000e+02 3.624727209767189e-01 

1.000000000000000e+02 2.258135680044897e-01 

1.000000000000000e+02 2.928357970730441e-01 

1.000000000000000e+02 3.208290598252899e-01 

1.000000000000000e+02 3.670480917313871e-01 

1.000000000000000e+02 3.966016010585947e-01 

1.000000000000000e+02 3.863775339984923e-01 

1.000000000000000e+02 2.136007141640594e-01 

1.000000000000000e+02 5.835082721624096e-01 

1.000000000000000e+02 2.824185303927310e-01 

1.000000000000000e+02 3.853262847277329e-01 

1.000000000000000e+02 4.035693178630488e-01 

1.000000000000000e+02 3.091868892833810e-01 

1.000000000000000e+02 2.677162917581237e-01 

1.000000000000000e+02 4.412884616521705e-01 

1.000000000000000e+02 3.026961852624620e-01 

1.000000000000000e+02 2.773191744403130e-01 

1.000000000000000e+02 3.521215276173918e-01 

1.000000000000000e+02 1.657227724054804e-01 

1.000000000000000e+02 3.707153407687883e-01 

1.000000000000000e+02 3.785818968997404e-01 

1.000000000000000e+02 2.754336079861975e-01 

1.000000000000000e+02 3.430053315687333e-01 

1.000000000000000e+02 4.792005989568995e-01 

1.000000000000000e+02 5.199792345483560e-01 

1.000000000000000e+02 3.860833339429429e-01 

1.000000000000000e+02 2.019794207839084e-01 

1.000000000000000e+02 3.033272899572608e-01 

1.000000000000000e+02 4.427048121645620e-01 

1.000000000000000e+02 3.213654159466636e-01 

1.000000000000000e+02 2.278003596548248e-01 

1.000000000000000e+02 5.644218748150200e-01 

1.000000000000000e+02 4.185646436664738e-01 

1.000000000000000e+02 3.532889005015576e-01 

1.000000000000000e+02 4.315460858338713e-01 

1.000000000000000e+02 5.077475738142219e-01 

1.000000000000000e+02 3.039222690186472e-01 

1.000000000000000e+02 2.582613633490995e-01 

1.000000000000000e+02 4.105975722506442e-01 

1.000000000000000e+02 2.414064624150533e-01 

1.000000000000000e+02 3.216199319862463e-01 

1.000000000000000e+02 3.210177302808436e-01 

1.000000000000000e+02 4.689281911530106e-01 

1.000000000000000e+02 3.645809351620917e-01 

1.000000000000000e+02 6.031675352458548e-01 

1.000000000000000e+02 3.420570864834422e-01 

1.000000000000000e+02 4.076871979568114e-01 

1.000000000000000e+02 4.560689828225838e-01 

1.000000000000000e+02 4.597652137686284e-01 

1.000000000000000e+02 3.299405118001107e-01 

1.000000000000000e+02 3.670507812962381e-01 

1.000000000000000e+02 2.258276577881667e-01 

1.000000000000000e+02 5.386520272912437e-01 

1.000000000000000e+02 2.729075144479184e-01 

1.000000000000000e+02 2.421163791726417e-01 

1.000000000000000e+02 2.901341144887945e-01 

1.000000000000000e+02 2.780504584112173e-01 

1.000000000000000e+02 3.059796447590774e-01 

1.000000000000000e+02 4.827256099114639e-01 

1.000000000000000e+02 4.626727151804483e-01 

1.000000000000000e+02 3.594003903526597e-01 

1.000000000000000e+02 2.759911416058131e-01 

1.000000000000000e+02 3.587389321861822e-01 

1.000000000000000e+02 3.597976848482905e-01 

1.000000000000000e+02 2.884456804656908e-01 

1.000000000000000e+02 3.008986840519409e-01 

1.000000000000000e+02 2.729109512989095e-01 

1.000000000000000e+02 3.708444603569917e-01 

1.000000000000000e+02 3.302286820299438e-01 

1.000000000000000e+02 4.962195952734297e-01 

1.000000000000000e+02 3.967373310336582e-01 

1.000000000000000e+02 1.649179247261980e-01 

1.000000000000000e+02 2.334519230975362e-01 

1.000000000000000e+02 1.759637979728549e-01 

1.000000000000000e+02 3.326054015596595e-01 

1.000000000000000e+02 5.909123379590921e-01 

1.000000000000000e+02 3.358822464806578e-01 

1.000000000000000e+02 3.675167745391297e-01 

1.000000000000000e+02 4.048688183484913e-01 

1.000000000000000e+02 4.458665179289013e-01 

1.000000000000000e+02 4.636083335429256e-01 

1.000000000000000e+02 2.464013817212566e-01 

1.000000000000000e+02 3.250620001852485e-01 

1.000000000000000e+02 4.050677544274762e-01 

1.000000000000000e+02 4.031025276551253e-01 

1.000000000000000e+02 3.388380595329867e-01 

1.000000000000000e+02 4.865686272764247e-01 

1.000000000000000e+02 4.223391287681967e-01 

1.000000000000000e+02 2.248527667404803e-01 

1.000000000000000e+02 3.320564653790706e-01 

1.000000000000000e+02 3.035905757501273e-01 

1.000000000000000e+02 4.916775149884234e-01 

1.000000000000000e+02 4.220997269870908e-01 

1.000000000000000e+02 3.898321031988020e-01 

1.000000000000000e+02 4.857334338698220e-01 

1.000000000000000e+02 5.464200876062439e-01 

1.000000000000000e+02 4.710824564360128e-01 

1.000000000000000e+02 2.554555916909636e-01 

1.000000000000000e+02 3.920400949406382e-01 

1.000000000000000e+02 3.572078880500646e-01 

1.000000000000000e+02 3.291583332776418e-01 

1.000000000000000e+02 3.919149376531904e-01 

1.000000000000000e+02 3.273444308766112e-01 

1.000000000000000e+02 3.745812501339020e-01 

1.000000000000000e+02 2.705911088105836e-01 

1.000000000000000e+02 2.689465577580089e-01 

1.000000000000000e+02 5.263354434052996e-01 
