
1.000000000000000e+02 6.072579361397860e-01 

1.000000000000000e+02 1.648118133680150e-01 

1.000000000000000e+02 3.849681122163918e-01 

1.000000000000000e+02 4.237482816147790e-01 

1.000000000000000e+02 3.996865079389247e-01 

1.000000000000000e+02 4.641607144022871e-01 

1.000000000000000e+02 2.958255951336478e-01 

1.000000000000000e+02 3.272653061731588e-01 

1.000000000000000e+02 2.708371208203026e-01 

1.000000000000000e+02 4.467232142025225e-01 

1.000000000000000e+02 5.245677081398519e-01 

1.000000000000000e+02 3.592202382471944e-01 

1.000000000000000e+02 -nan 

1.000000000000000e+02 3.571718752805750e-01 

1.000000000000000e+02 3.501857344665409e-01 

1.000000000000000e+02 2.100136580028111e-01 

1.000000000000000e+02 4.078043149895027e-01 

1.000000000000000e+02 4.170595492662240e-01 

1.000000000000000e+02 2.993477890964740e-01 

1.000000000000000e+02 4.821765871482547e-01 

1.000000000000000e+02 5.134568626454250e-01 

1.000000000000000e+02 2.963630945561951e-01 

1.000000000000000e+02 3.971032739259264e-01 

1.000000000000000e+02 3.857443180619124e-01 

1.000000000000000e+02 3.089047616262500e-01 

1.000000000000000e+02 4.954797289768295e-01 

1.000000000000000e+02 5.181610435249768e-01 

1.000000000000000e+02 3.589147197719359e-01 

1.000000000000000e+02 3.714418290423800e-01 

1.000000000000000e+02 4.028832816206434e-01 

1.000000000000000e+02 3.910781249286305e-01 

1.000000000000000e+02 3.934136901851210e-01 

1.000000000000000e+02 3.609295634200942e-01 

1.000000000000000e+02 1.757426470849646e-01 

1.000000000000000e+02 2.347578880993174e-01 

1.000000000000000e+02 1.453261909208046e-01 

1.000000000000000e+02 1.474375002352643e-01 

1.000000000000000e+02 4.288694725503879e-01 

1.000000000000000e+02 3.576445158882183e-01 

1.000000000000000e+02 4.381443457784555e-01 

1.000000000000000e+02 2.702941393527059e-01 

1.000000000000000e+02 5.872242823239742e-01 

1.000000000000000e+02 3.187537197837689e-01 

1.000000000000000e+02 3.211684523593557e-01 

1.000000000000000e+02 2.942936513573057e-01 

1.000000000000000e+02 3.207794999852047e-01 

1.000000000000000e+02 5.184196428472924e-01 

1.000000000000000e+02 2.199216269637904e-01 

1.000000000000000e+02 4.077619404540815e-01 

1.000000000000000e+02 4.703490644643910e-01 

1.000000000000000e+02 3.662254095197230e-01 

1.000000000000000e+02 3.359803571679006e-01 

1.000000000000000e+02 3.960029763300990e-01 

1.000000000000000e+02 4.963606603249824e-01 

1.000000000000000e+02 2.833511903439315e-01 

1.000000000000000e+02 4.389394066093503e-01 

1.000000000000000e+02 2.283720236095209e-01 

1.000000000000000e+02 4.383422616011759e-01 

1.000000000000000e+02 2.997582142005823e-01 

1.000000000000000e+02 4.049581952442784e-01 

1.000000000000000e+02 5.100342257703241e-01 

1.000000000000000e+02 2.949500005693151e-01 

1.000000000000000e+02 5.048143600686696e-01 

1.000000000000000e+02 4.965338538370290e-01 

1.000000000000000e+02 4.199669109658995e-01 

1.000000000000000e+02 3.232294639525587e-01 

1.000000000000000e+02 5.400602675626915e-01 

1.000000000000000e+02 3.952125004002245e-01 

1.000000000000000e+02 3.823779762762763e-01 

1.000000000000000e+02 2.643214285634574e-01 

1.000000000000000e+02 3.458678572477668e-01 

1.000000000000000e+02 4.092787696082807e-01 

1.000000000000000e+02 2.487767852309789e-01 

1.000000000000000e+02 4.415059527465164e-01 

1.000000000000000e+02 3.712312251966466e-01 

1.000000000000000e+02 4.127767859270997e-01 

1.000000000000000e+02 5.017708348379214e-01 

1.000000000000000e+02 2.807882649439278e-01 

1.000000000000000e+02 4.926159483988009e-01 

1.000000000000000e+02 3.357142857716623e-01 

1.000000000000000e+02 4.778141232923547e-01 

1.000000000000000e+02 2.330826664738456e-01 

1.000000000000000e+02 3.698696275124226e-01 

1.000000000000000e+02 4.546439079698417e-01 

1.000000000000000e+02 2.720357142832657e-01 

1.000000000000000e+02 2.881498014528108e-01 

1.000000000000000e+02 3.681242560992191e-01 

1.000000000000000e+02 3.127202379206692e-01 

1.000000000000000e+02 4.880535717866442e-01 

1.000000000000000e+02 5.095965606923286e-01 

1.000000000000000e+02 3.398255206465063e-01 

1.000000000000000e+02 5.113943451571142e-01 

1.000000000000000e+02 1.840759148777894e-01 

1.000000000000000e+02 2.197067459661399e-01 

1.000000000000000e+02 2.866994049548817e-01 

1.000000000000000e+02 4.170540673060071e-01 

1.000000000000000e+02 2.951571426664416e-01 

1.000000000000000e+02 3.501354166127599e-01 

1.000000000000000e+02 4.107322337927508e-01 

1.000000000000000e+02 2.967113096086325e-01 

1.000000000000000e+02 3.938415177336602e-01 

1.000000000000000e+02 2.393705355712976e-01 

1.000000000000000e+02 5.105055807702710e-01 

1.000000000000000e+02 3.622747024699606e-01 

1.000000000000000e+02 2.770821428638599e-01 

1.000000000000000e+02 2.599853377705360e-01 

1.000000000000000e+02 5.042827382151297e-01 

1.000000000000000e+02 3.701443454537985e-01 

1.000000000000000e+02 1.901351191280281e-01 

1.000000000000000e+02 3.860498510764556e-01 

1.000000000000000e+02 2.454574404063754e-01 

1.000000000000000e+02 3.701672615568959e-01 

1.000000000000000e+02 5.058392850416022e-01 

1.000000000000000e+02 2.151220239962535e-01 

1.000000000000000e+02 3.044705459227305e-01 

1.000000000000000e+02 3.615751810696739e-01 

1.000000000000000e+02 4.634131177388202e-01 

1.000000000000000e+02 3.071493058584318e-01 

1.000000000000000e+02 3.612981151781031e-01 

1.000000000000000e+02 2.979389799312895e-01 

1.000000000000000e+02 3.879424607201766e-01 

1.000000000000000e+02 5.390726193076347e-01 

1.000000000000000e+02 4.026047616950369e-01 

1.000000000000000e+02 5.134957013699845e-01 

1.000000000000000e+02 2.995763885980978e-01 

1.000000000000000e+02 4.058218305803795e-01 

1.000000000000000e+02 2.473363087823018e-01 

1.000000000000000e+02 2.470505952260610e-01 

1.000000000000000e+02 1.949734432526942e-01 

1.000000000000000e+02 4.014880947830255e-01 

1.000000000000000e+02 4.019196429603584e-01 

1.000000000000000e+02 5.498591272950710e-01 

1.000000000000000e+02 4.137702377603365e-01 

1.000000000000000e+02 4.012831101759334e-01 

1.000000000000000e+02 1.315431353784638e-01 

1.000000000000000e+02 3.113779760142655e-01 

1.000000000000000e+02 3.688577892989408e-01 

1.000000000000000e+02 2.378819146293310e-01 

1.000000000000000e+02 3.018221545791870e-01 

1.000000000000000e+02 4.590654546089781e-01 

1.000000000000000e+02 4.378904760770609e-01 

1.000000000000000e+02 5.096705631095396e-01 

1.000000000000000e+02 3.771534390484728e-01 

1.000000000000000e+02 4.978506942905678e-01 

1.000000000000000e+02 5.402641668669177e-01 

1.000000000000000e+02 4.073149342953165e-01 

1.000000000000000e+02 4.432614086607626e-01 

1.000000000000000e+02 3.265371485333794e-01 

1.000000000000000e+02 3.855892859088655e-01 

1.000000000000000e+02 3.373720238336594e-01 

1.000000000000000e+02 2.959666662988956e-01 

1.000000000000000e+02 3.749079182878633e-01 

1.000000000000000e+02 4.250882934811008e-01 

1.000000000000000e+02 3.215624990959682e-01 

1.000000000000000e+02 3.244345237037867e-01 

1.000000000000000e+02 2.027714285691390e-01 

1.000000000000000e+02 2.475024800798007e-01 

1.000000000000000e+02 4.577827378958593e-01 

1.000000000000000e+02 3.225312498069295e-01 

1.000000000000000e+02 4.261499993502817e-01 

1.000000000000000e+02 2.861319443449203e-01 

1.000000000000000e+02 5.568601207438258e-01 

1.000000000000000e+02 3.217480161063681e-01 

1.000000000000000e+02 4.942550465049386e-01 

1.000000000000000e+02 2.614502686085328e-01 

1.000000000000000e+02 4.904657734244545e-01 

1.000000000000000e+02 3.456184527890212e-01 

1.000000000000000e+02 4.234312770532395e-01 

1.000000000000000e+02 2.990146328452774e-01 

1.000000000000000e+02 3.436715028165837e-01 

1.000000000000000e+02 4.434681547545034e-01 

1.000000000000000e+02 3.593346559833246e-01 

1.000000000000000e+02 5.443839286343518e-01 

1.000000000000000e+02 4.887627547572023e-01 

1.000000000000000e+02 3.370958331615736e-01 

1.000000000000000e+02 4.390009960894319e-01 

1.000000000000000e+02 3.942574852865207e-01 

1.000000000000000e+02 4.510722476482054e-01 

1.000000000000000e+02 4.058839280205048e-01 

1.000000000000000e+02 3.435379466421815e-01 

1.000000000000000e+02 3.326750664926503e-01 

1.000000000000000e+02 3.452499998662386e-01 

1.000000000000000e+02 2.912661290047607e-01 

1.000000000000000e+02 1.931796874961899e-01 

1.000000000000000e+02 5.500671774669478e-01 

1.000000000000000e+02 5.299769125012788e-01 

1.000000000000000e+02 2.999345236565323e-01 

1.000000000000000e+02 4.329337707030706e-01 

1.000000000000000e+02 4.319031954342639e-01 

1.000000000000000e+02 3.626845238952062e-01 

1.000000000000000e+02 1.885181396689183e-01 

1.000000000000000e+02 4.378448657170861e-01 

1.000000000000000e+02 2.602388058219715e-01 

1.000000000000000e+02 3.267749997470017e-01 

1.000000000000000e+02 2.872717779369989e-01 

1.000000000000000e+02 5.602113095833370e-01 

1.000000000000000e+02 3.021705944590852e-01 

1.000000000000000e+02 3.639309522738580e-01 

1.000000000000000e+02 4.179051338547899e-01 

1.000000000000000e+02 3.305483632388850e-01 

1.000000000000000e+02 3.572261904502127e-01 

1.000000000000000e+02 3.890786565406660e-01 

1.000000000000000e+02 2.352099468814947e-01 

1.000000000000000e+02 3.366551886327575e-01 

1.000000000000000e+02 3.470647320695245e-01 

1.000000000000000e+02 5.150161210951842e-01 

1.000000000000000e+02 2.288091378398400e-01 

1.000000000000000e+02 3.866795978191666e-01 

1.000000000000000e+02 4.129399035004019e-01 

1.000000000000000e+02 3.185241813877946e-01 

1.000000000000000e+02 2.290124457643315e-01 

1.000000000000000e+02 3.018254725229565e-01 

1.000000000000000e+02 4.057559525885076e-01 

1.000000000000000e+02 4.173533441990601e-01 

1.000000000000000e+02 3.429808524364761e-01 

1.000000000000000e+02 3.898824406791732e-01 

1.000000000000000e+02 4.885784883653971e-01 

1.000000000000000e+02 3.085902777335449e-01 

1.000000000000000e+02 2.599821432854252e-01 

1.000000000000000e+02 3.172903137396789e-01 

1.000000000000000e+02 3.576321426240124e-01 

1.000000000000000e+02 4.557172618028499e-01 

1.000000000000000e+02 4.001898148420513e-01 

1.000000000000000e+02 4.174642852234891e-01 

1.000000000000000e+02 3.124530501569258e-01 

1.000000000000000e+02 2.450119045990356e-01 

1.000000000000000e+02 3.931830353549857e-01 

1.000000000000000e+02 3.804642331449367e-01 

1.000000000000000e+02 3.097232140797259e-01 

1.000000000000000e+02 3.511756113071700e-01 

1.000000000000000e+02 4.794503966162547e-01 

1.000000000000000e+02 3.786897457982030e-01 

1.000000000000000e+02 4.154659865079958e-01 

1.000000000000000e+02 4.766193611413037e-01 

1.000000000000000e+02 3.074687503686648e-01 

1.000000000000000e+02 2.535356125630623e-01 

1.000000000000000e+02 5.608735113776366e-01 

1.000000000000000e+02 2.800089287727139e-01 

1.000000000000000e+02 3.477361110219113e-01 

1.000000000000000e+02 3.449127977095071e-01 

1.000000000000000e+02 -nan 

1.000000000000000e+02 2.891452381829064e-01 

1.000000000000000e+02 1.811055765328037e-01 

1.000000000000000e+02 5.826249990966966e-01 

1.000000000000000e+02 3.623105156871324e-01 

1.000000000000000e+02 4.212763945074812e-01 

1.000000000000000e+02 3.188134920564451e-01 

1.000000000000000e+02 4.320340549203650e-01 

1.000000000000000e+02 4.700466269362069e-01 

1.000000000000000e+02 4.666031743548297e-01 

1.000000000000000e+02 2.649779413259420e-01 

1.000000000000000e+02 3.831480976868127e-01 

1.000000000000000e+02 4.086927751219961e-01 

1.000000000000000e+02 4.569635417402253e-01 

1.000000000000000e+02 5.238887556787918e-01 

1.000000000000000e+02 2.400053569782665e-01 

1.000000000000000e+02 5.738164682098394e-01 

1.000000000000000e+02 3.617644555276954e-01 

1.000000000000000e+02 4.528466670202403e-01 

1.000000000000000e+02 3.741370975490339e-01 
