
1.000000000000000e+02 1.221050540812725e+01 

1.000000000000000e+02 1.108651943116235e+01 

1.000000000000000e+02 1.195507558180025e+01 

1.000000000000000e+02 1.211593261128606e+01 

1.000000000000000e+02 1.222760155797045e+01 

1.000000000000000e+02 1.218591141585126e+01 

1.000000000000000e+02 1.211837647329168e+01 

1.000000000000000e+02 1.151704435233413e+01 

1.000000000000000e+02 1.132384569741027e+01 

1.000000000000000e+02 1.215021606175931e+01 

1.000000000000000e+02 1.269456196168073e+01 

1.000000000000000e+02 1.144597750425297e+01 

1.000000000000000e+02 1.162167478643337e+01 

1.000000000000000e+02 1.206929635952087e+01 

1.000000000000000e+02 1.143741908021693e+01 

1.000000000000000e+02 1.136171691821270e+01 

1.000000000000000e+02 1.270440410856437e+01 

1.000000000000000e+02 1.158240164172667e+01 

1.000000000000000e+02 1.152986567272626e+01 

1.000000000000000e+02 1.230694184924791e+01 

1.000000000000000e+02 1.213212313176422e+01 

1.000000000000000e+02 1.186912661021784e+01 

1.000000000000000e+02 1.173802390302995e+01 

1.000000000000000e+02 1.184921754262668e+01 

1.000000000000000e+02 1.206367030665566e+01 

1.000000000000000e+02 1.201002375781992e+01 

1.000000000000000e+02 1.160061412596455e+01 

1.000000000000000e+02 1.270145374064027e+01 

1.000000000000000e+02 1.126513021325519e+01 

1.000000000000000e+02 1.161333264260464e+01 

1.000000000000000e+02 1.082607803902860e+01 

1.000000000000000e+02 1.168079035267006e+01 

1.000000000000000e+02 1.169905911130959e+01 

1.000000000000000e+02 1.136389730041266e+01 

1.000000000000000e+02 1.148010772670561e+01 

1.000000000000000e+02 1.171095654859067e+01 

1.000000000000000e+02 1.173116933389239e+01 

1.000000000000000e+02 1.181739593935406e+01 

1.000000000000000e+02 1.239749450039155e+01 

1.000000000000000e+02 1.251521631517242e+01 

1.000000000000000e+02 1.216777723842108e+01 

1.000000000000000e+02 1.209178842507347e+01 

1.000000000000000e+02 1.183553134246637e+01 

1.000000000000000e+02 1.150024851339189e+01 

1.000000000000000e+02 1.092156428592667e+01 

1.000000000000000e+02 1.101043398058760e+01 

1.000000000000000e+02 1.215083682019531e+01 

1.000000000000000e+02 1.176628521294660e+01 

1.000000000000000e+02 1.180362979148420e+01 

1.000000000000000e+02 1.170911819230439e+01 

1.000000000000000e+02 1.160262189528907e+01 

1.000000000000000e+02 1.228089552015540e+01 

1.000000000000000e+02 1.183782259953930e+01 

1.000000000000000e+02 1.161175606347819e+01 

1.000000000000000e+02 1.037833368879176e+01 

1.000000000000000e+02 1.175969487183944e+01 

1.000000000000000e+02 1.181414427211996e+01 

1.000000000000000e+02 1.241153414184269e+01 

1.000000000000000e+02 1.172375069737098e+01 

1.000000000000000e+02 1.139293901154442e+01 

1.000000000000000e+02 1.217491744955213e+01 

1.000000000000000e+02 1.151446738968732e+01 

1.000000000000000e+02 1.128785938205566e+01 

1.000000000000000e+02 1.189236304199642e+01 

1.000000000000000e+02 1.164869711108550e+01 

1.000000000000000e+02 1.186061957633482e+01 

1.000000000000000e+02 1.177461063227774e+01 

1.000000000000000e+02 1.260328815694438e+01 

1.000000000000000e+02 1.162426666749828e+01 

1.000000000000000e+02 1.164783482560097e+01 

1.000000000000000e+02 1.163896638455563e+01 

1.000000000000000e+02 1.202091270783027e+01 

1.000000000000000e+02 1.200773029060319e+01 

1.000000000000000e+02 1.176581283319615e+01 

1.000000000000000e+02 1.145239304475917e+01 

1.000000000000000e+02 1.191127822265899e+01 

1.000000000000000e+02 1.175035682311347e+01 

1.000000000000000e+02 1.182991473926585e+01 

1.000000000000000e+02 1.230254196240861e+01 

1.000000000000000e+02 1.137221799932809e+01 

1.000000000000000e+02 1.154262664652764e+01 

1.000000000000000e+02 1.144122881606685e+01 

1.000000000000000e+02 1.116852269311552e+01 

1.000000000000000e+02 1.164232269764907e+01 

1.000000000000000e+02 1.183950394203849e+01 

1.000000000000000e+02 1.146457272312772e+01 

1.000000000000000e+02 1.198908432621007e+01 

1.000000000000000e+02 1.199239611096019e+01 

1.000000000000000e+02 1.169954519157373e+01 

1.000000000000000e+02 1.226138356578622e+01 

1.000000000000000e+02 1.207414272458478e+01 

1.000000000000000e+02 1.179081087272113e+01 

1.000000000000000e+02 1.151887500218807e+01 

1.000000000000000e+02 1.153865440156164e+01 

1.000000000000000e+02 1.122238811138262e+01 

1.000000000000000e+02 1.167018494962573e+01 

1.000000000000000e+02 1.167384430065543e+01 

1.000000000000000e+02 1.183962027030606e+01 

1.000000000000000e+02 1.262890881791052e+01 

1.000000000000000e+02 1.194642244285660e+01 

1.000000000000000e+02 1.151859565092360e+01 

1.000000000000000e+02 1.158907542557516e+01 

1.000000000000000e+02 1.224018970927214e+01 

1.000000000000000e+02 1.243671985860120e+01 

1.000000000000000e+02 1.198006177998829e+01 

1.000000000000000e+02 1.158183373659957e+01 

1.000000000000000e+02 1.161991522450423e+01 

1.000000000000000e+02 1.194406994513226e+01 

1.000000000000000e+02 1.198410049723972e+01 

1.000000000000000e+02 1.200567014653234e+01 

1.000000000000000e+02 1.181845168446859e+01 

1.000000000000000e+02 1.163364032360732e+01 

1.000000000000000e+02 1.198931172526716e+01 

1.000000000000000e+02 1.201847501695420e+01 

1.000000000000000e+02 1.171403192388245e+01 

1.000000000000000e+02 1.176005817993915e+01 

1.000000000000000e+02 1.173260403320920e+01 

1.000000000000000e+02 1.157881276940459e+01 

1.000000000000000e+02 1.155680446872485e+01 

1.000000000000000e+02 1.162701063460035e+01 

1.000000000000000e+02 1.124851009249613e+01 

1.000000000000000e+02 1.225883257303792e+01 

1.000000000000000e+02 1.186533180442294e+01 

1.000000000000000e+02 1.164616648418020e+01 

1.000000000000000e+02 1.117574496294814e+01 

1.000000000000000e+02 1.230998810615346e+01 

1.000000000000000e+02 1.254875591034826e+01 

1.000000000000000e+02 1.226699210786566e+01 

1.000000000000000e+02 1.179893403196624e+01 

1.000000000000000e+02 1.204140481730929e+01 

1.000000000000000e+02 1.261207016290217e+01 

1.000000000000000e+02 1.204763625484351e+01 

1.000000000000000e+02 1.222090071211450e+01 

1.000000000000000e+02 1.152028411872611e+01 

1.000000000000000e+02 1.155612386116597e+01 

1.000000000000000e+02 1.155856581625614e+01 

1.000000000000000e+02 1.214264430769670e+01 

1.000000000000000e+02 1.228995095228760e+01 

1.000000000000000e+02 1.203870459596948e+01 

1.000000000000000e+02 1.195510996602360e+01 

1.000000000000000e+02 1.204394972750887e+01 

1.000000000000000e+02 1.247363509988970e+01 

1.000000000000000e+02 1.118367441558076e+01 

1.000000000000000e+02 1.198409994097646e+01 

1.000000000000000e+02 1.262488430174617e+01 

1.000000000000000e+02 1.222785463727516e+01 

1.000000000000000e+02 1.262498260268095e+01 

1.000000000000000e+02 1.159301271815658e+01 

1.000000000000000e+02 1.137541331938925e+01 

1.000000000000000e+02 1.147964375648144e+01 

1.000000000000000e+02 1.167220786180237e+01 

1.000000000000000e+02 1.222916666017771e+01 

1.000000000000000e+02 1.243057267055795e+01 

1.000000000000000e+02 1.200418370402214e+01 

1.000000000000000e+02 1.089668054407778e+01 

1.000000000000000e+02 1.127036793832701e+01 

1.000000000000000e+02 1.201300052547183e+01 

1.000000000000000e+02 1.192689923548478e+01 

1.000000000000000e+02 1.192692025600360e+01 

1.000000000000000e+02 1.261325674926912e+01 

1.000000000000000e+02 1.156517571721727e+01 

1.000000000000000e+02 1.271701929893678e+01 

1.000000000000000e+02 1.142743849906674e+01 

1.000000000000000e+02 1.167599116913633e+01 

1.000000000000000e+02 1.203383863351529e+01 

1.000000000000000e+02 1.169313437096003e+01 

1.000000000000000e+02 1.160641642902645e+01 

1.000000000000000e+02 1.114990705672253e+01 

1.000000000000000e+02 1.132938896310342e+01 

1.000000000000000e+02 1.159354247745841e+01 

1.000000000000000e+02 1.172214165230617e+01 

1.000000000000000e+02 1.144934529243462e+01 

1.000000000000000e+02 1.162440228109932e+01 

1.000000000000000e+02 1.212482413957840e+01 

1.000000000000000e+02 1.116327655577279e+01 

1.000000000000000e+02 1.166647808811742e+01 

1.000000000000000e+02 1.192776571919160e+01 

1.000000000000000e+02 1.180071497798564e+01 

1.000000000000000e+02 1.131893750804442e+01 

1.000000000000000e+02 1.098855563961756e+01 

1.000000000000000e+02 1.211682442172121e+01 

1.000000000000000e+02 1.180573533118715e+01 

1.000000000000000e+02 1.219542271326579e+01 

1.000000000000000e+02 1.142686149799588e+01 

1.000000000000000e+02 1.232803236746404e+01 

1.000000000000000e+02 1.195670679392360e+01 

1.000000000000000e+02 1.187113175278560e+01 

1.000000000000000e+02 1.195649999410270e+01 

1.000000000000000e+02 1.207701819209026e+01 

1.000000000000000e+02 1.167755112394377e+01 

1.000000000000000e+02 1.163363429361993e+01 

1.000000000000000e+02 1.167570008691324e+01 

1.000000000000000e+02 1.148428599674855e+01 

1.000000000000000e+02 1.142916132227938e+01 

1.000000000000000e+02 1.150136037413784e+01 

1.000000000000000e+02 1.154622871875848e+01 

1.000000000000000e+02 1.145718975890493e+01 

1.000000000000000e+02 1.269837064710060e+01 

1.000000000000000e+02 1.241238878092606e+01 

1.000000000000000e+02 1.173727958789849e+01 

1.000000000000000e+02 1.173530964856454e+01 

1.000000000000000e+02 1.190035608469667e+01 

1.000000000000000e+02 1.175038779140962e+01 

1.000000000000000e+02 1.243094356916828e+01 

1.000000000000000e+02 1.158964326967824e+01 

1.000000000000000e+02 1.208451965809934e+01 

1.000000000000000e+02 1.144435742066729e+01 

1.000000000000000e+02 1.209590516480766e+01 

1.000000000000000e+02 1.128322603727423e+01 

1.000000000000000e+02 1.162190023078378e+01 

1.000000000000000e+02 1.217686117267650e+01 

1.000000000000000e+02 1.243617454279888e+01 

1.000000000000000e+02 1.231158837515821e+01 

1.000000000000000e+02 1.165396727633143e+01 

1.000000000000000e+02 1.152796453801107e+01 

1.000000000000000e+02 1.200269921123942e+01 

1.000000000000000e+02 1.233522314142293e+01 

1.000000000000000e+02 1.150995289312209e+01 

1.000000000000000e+02 1.066770528492120e+01 

1.000000000000000e+02 1.158955365129384e+01 

1.000000000000000e+02 1.207423579218613e+01 

1.000000000000000e+02 1.177862015620654e+01 

1.000000000000000e+02 1.250757206506486e+01 

1.000000000000000e+02 1.173885303554466e+01 

1.000000000000000e+02 1.146707122348417e+01 

1.000000000000000e+02 1.185757051553422e+01 

1.000000000000000e+02 1.181027321379088e+01 

1.000000000000000e+02 1.183746773722126e+01 

1.000000000000000e+02 1.242948051784095e+01 

1.000000000000000e+02 1.224981248421796e+01 

1.000000000000000e+02 1.194261580680033e+01 

1.000000000000000e+02 1.141679463543655e+01 

1.000000000000000e+02 1.165104285989539e+01 

1.000000000000000e+02 1.213105666597567e+01 

1.000000000000000e+02 1.156754837653328e+01 

1.000000000000000e+02 1.182077298974799e+01 

1.000000000000000e+02 1.144293805324003e+01 

1.000000000000000e+02 1.258719593353371e+01 

1.000000000000000e+02 1.164012090038851e+01 

1.000000000000000e+02 1.146031903091055e+01 

1.000000000000000e+02 1.197770954766764e+01 

1.000000000000000e+02 1.139040834771804e+01 

1.000000000000000e+02 1.191101422371634e+01 

1.000000000000000e+02 1.134137190007130e+01 

1.000000000000000e+02 1.117829069301174e+01 

1.000000000000000e+02 1.193102800390133e+01 

1.000000000000000e+02 1.210965913490241e+01 

1.000000000000000e+02 1.204662650225274e+01 

1.000000000000000e+02 1.252487939386666e+01 

1.000000000000000e+02 1.215077061485731e+01 

1.000000000000000e+02 1.181161514551951e+01 

1.000000000000000e+02 1.168926295244435e+01 

1.000000000000000e+02 1.211457954371072e+01 

1.000000000000000e+02 1.191369062662104e+01 

1.000000000000000e+02 1.147111774875899e+01 

1.000000000000000e+02 1.175936561620841e+01 

1.000000000000000e+02 1.140733500435860e+01 

1.000000000000000e+02 1.144451012535849e+01 

1.000000000000000e+02 1.131789220891106e+01 

1.000000000000000e+02 1.161291299213388e+01 
