
1.000000000000000e+02 1.184857407527178e+01 

1.000000000000000e+02 1.180052129711252e+01 

1.000000000000000e+02 1.110458631843816e+01 

1.000000000000000e+02 1.135225773574488e+01 

1.000000000000000e+02 1.336623016472070e+01 

1.000000000000000e+02 1.090741269598670e+01 

1.000000000000000e+02 1.183665358055295e+01 

1.000000000000000e+02 1.113993579696456e+01 

1.000000000000000e+02 1.196878354541858e+01 

1.000000000000000e+02 1.202045485873802e+01 

1.000000000000000e+02 1.202490625281499e+01 

1.000000000000000e+02 1.162184821707353e+01 

1.000000000000000e+02 -nan 

1.000000000000000e+02 1.210899403975269e+01 

1.000000000000000e+02 1.191461368974043e+01 

1.000000000000000e+02 1.161607125861766e+01 

1.000000000000000e+02 1.120201004047985e+01 

1.000000000000000e+02 1.183280526031155e+01 

1.000000000000000e+02 1.105169174804765e+01 

1.000000000000000e+02 1.216246825195547e+01 

1.000000000000000e+02 1.269367108555199e+01 

1.000000000000000e+02 1.194680208251782e+01 

1.000000000000000e+02 1.265178184423835e+01 

1.000000000000000e+02 1.218288636533148e+01 

1.000000000000000e+02 1.146102530899853e+01 

1.000000000000000e+02 1.198397128968322e+01 

1.000000000000000e+02 1.097363343926356e+01 

1.000000000000000e+02 1.185699358248540e+01 

1.000000000000000e+02 1.242923808987701e+01 

1.000000000000000e+02 1.126021299018840e+01 

1.000000000000000e+02 1.138498045969485e+01 

1.000000000000000e+02 1.107464286827104e+01 

1.000000000000000e+02 1.211728076897343e+01 

1.000000000000000e+02 1.141205850560694e+01 

1.000000000000000e+02 1.102354793236400e+01 

1.000000000000000e+02 1.181634285790597e+01 

1.000000000000000e+02 1.202681845994252e+01 

1.000000000000000e+02 1.239641794237697e+01 

1.000000000000000e+02 1.205433695436307e+01 

1.000000000000000e+02 1.279781324203188e+01 

1.000000000000000e+02 1.178479229962625e+01 

1.000000000000000e+02 1.263456937427642e+01 

1.000000000000000e+02 1.284721131515341e+01 

1.000000000000000e+02 1.188657857775201e+01 

1.000000000000000e+02 1.157875099730978e+01 

1.000000000000000e+02 1.136074200295995e+01 

1.000000000000000e+02 1.204439340344035e+01 

1.000000000000000e+02 1.087152479849525e+01 

1.000000000000000e+02 1.183707090847233e+01 

1.000000000000000e+02 1.132610714435695e+01 

1.000000000000000e+02 1.126302117272141e+01 

1.000000000000000e+02 1.210681606985418e+01 

1.000000000000000e+02 1.143466108044669e+01 

1.000000000000000e+02 1.252414908063481e+01 

1.000000000000000e+02 1.290596727246487e+01 

1.000000000000000e+02 1.197134788461018e+01 

1.000000000000000e+02 1.215487441562095e+01 

1.000000000000000e+02 1.176091964164238e+01 

1.000000000000000e+02 1.106461160387540e+01 

1.000000000000000e+02 1.148082822955963e+01 

1.000000000000000e+02 1.240088020548020e+01 

1.000000000000000e+02 1.187979999780600e+01 

1.000000000000000e+02 1.211763802294807e+01 

1.000000000000000e+02 1.174024480985521e+01 

1.000000000000000e+02 1.153200735414986e+01 

1.000000000000000e+02 1.145836071484898e+01 

1.000000000000000e+02 1.156762053711741e+01 

1.000000000000000e+02 1.173372199620715e+01 

1.000000000000000e+02 1.222493096504941e+01 

1.000000000000000e+02 1.100951548104382e+01 

1.000000000000000e+02 1.134781012024422e+01 

1.000000000000000e+02 1.083822023964125e+01 

1.000000000000000e+02 1.148644045798918e+01 

1.000000000000000e+02 1.153539826473874e+01 

1.000000000000000e+02 1.279172430727475e+01 

1.000000000000000e+02 1.179220577669205e+01 

1.000000000000000e+02 1.275196428242643e+01 

1.000000000000000e+02 1.262700276319831e+01 

1.000000000000000e+02 1.227158578408093e+01 

1.000000000000000e+02 1.148731993824844e+01 

1.000000000000000e+02 1.173790828206181e+01 

1.000000000000000e+02 1.106596900335839e+01 

1.000000000000000e+02 1.255170845199906e+01 

1.000000000000000e+02 1.193593259710835e+01 

1.000000000000000e+02 1.180954838153371e+01 

1.000000000000000e+02 1.184709176089808e+01 

1.000000000000000e+02 1.155938839061384e+01 

1.000000000000000e+02 1.113183036588527e+01 

1.000000000000000e+02 1.237601586323558e+01 

1.000000000000000e+02 1.305988790401774e+01 

1.000000000000000e+02 1.169969457210332e+01 

1.000000000000000e+02 1.303536756833485e+01 

1.000000000000000e+02 1.118579195956958e+01 

1.000000000000000e+02 1.151291309774901e+01 

1.000000000000000e+02 1.170559721570388e+01 

1.000000000000000e+02 1.182475645579502e+01 

1.000000000000000e+02 1.218853452091900e+01 

1.000000000000000e+02 1.121779763981756e+01 

1.000000000000000e+02 1.168567195761362e+01 

1.000000000000000e+02 1.153714851495177e+01 

1.000000000000000e+02 1.129425818348343e+01 

1.000000000000000e+02 1.182214434941588e+01 

1.000000000000000e+02 1.182632440594315e+01 

1.000000000000000e+02 1.195594702803323e+01 

1.000000000000000e+02 1.182867858523346e+01 

1.000000000000000e+02 1.195995700903601e+01 

1.000000000000000e+02 1.134830356637683e+01 

1.000000000000000e+02 1.103345498691123e+01 

1.000000000000000e+02 1.076275534572869e+01 

1.000000000000000e+02 1.149310676842559e+01 

1.000000000000000e+02 1.090864791941340e+01 

1.000000000000000e+02 1.263902142670741e+01 

1.000000000000000e+02 1.221783037980377e+01 

1.000000000000000e+02 1.164223213281396e+01 

1.000000000000000e+02 1.250121047715674e+01 

1.000000000000000e+02 1.205039763796036e+01 

1.000000000000000e+02 1.227930259765938e+01 

1.000000000000000e+02 1.222858928688051e+01 

1.000000000000000e+02 1.230560961578022e+01 

1.000000000000000e+02 1.149811930539283e+01 

1.000000000000000e+02 1.322364088040569e+01 

1.000000000000000e+02 1.098638154751039e+01 

1.000000000000000e+02 1.174381380705666e+01 

1.000000000000000e+02 1.153189583524722e+01 

1.000000000000000e+02 1.183729762217665e+01 

1.000000000000000e+02 1.184552430233834e+01 

1.000000000000000e+02 1.150396431343900e+01 

1.000000000000000e+02 1.231619792111870e+01 

1.000000000000000e+02 1.139442719863074e+01 

1.000000000000000e+02 1.202501586978420e+01 

1.000000000000000e+02 1.150878094774924e+01 

1.000000000000000e+02 1.208679166861033e+01 

1.000000000000000e+02 1.239576190142314e+01 

1.000000000000000e+02 1.179179427595427e+01 

1.000000000000000e+02 1.150765069623194e+01 

1.000000000000000e+02 1.220042738091294e+01 

1.000000000000000e+02 1.187312319313835e+01 

1.000000000000000e+02 1.170579201769287e+01 

1.000000000000000e+02 1.156740243648673e+01 

1.000000000000000e+02 1.244444772893095e+01 

1.000000000000000e+02 1.109657618786541e+01 

1.000000000000000e+02 1.121265338600246e+01 

1.000000000000000e+02 1.178829298890225e+01 

1.000000000000000e+02 1.178342758438582e+01 

1.000000000000000e+02 1.229172166585971e+01 

1.000000000000000e+02 1.335576949954456e+01 

1.000000000000000e+02 1.203765278014345e+01 

1.000000000000000e+02 1.229567067498636e+01 

1.000000000000000e+02 1.178167112951946e+01 

1.000000000000000e+02 1.106889821659430e+01 

1.000000000000000e+02 1.194609856646493e+01 

1.000000000000000e+02 1.112465347047372e+01 

1.000000000000000e+02 1.131574206503206e+01 

1.000000000000000e+02 1.216288392884270e+01 

1.000000000000000e+02 1.277441592159483e+01 

1.000000000000000e+02 1.139733780082985e+01 

1.000000000000000e+02 1.211260317573783e+01 

1.000000000000000e+02 1.212821056149656e+01 

1.000000000000000e+02 1.140882886272504e+01 

1.000000000000000e+02 1.237817500829716e+01 

1.000000000000000e+02 1.180213790138520e+01 

1.000000000000000e+02 1.211239583007614e+01 

1.000000000000000e+02 1.177764682921078e+01 

1.000000000000000e+02 1.253555473462611e+01 

1.000000000000000e+02 1.171589963816269e+01 

1.000000000000000e+02 1.200496205296987e+01 

1.000000000000000e+02 1.120904584158278e+01 

1.000000000000000e+02 1.114581330887734e+01 

1.000000000000000e+02 1.140336557075347e+01 

1.000000000000000e+02 1.153612165046133e+01 

1.000000000000000e+02 1.138616428432169e+01 

1.000000000000000e+02 1.123948180943567e+01 

1.000000000000000e+02 1.154264658050846e+01 

1.000000000000000e+02 1.228421428414610e+01 

1.000000000000000e+02 1.160036012956137e+01 

1.000000000000000e+02 1.239920169566742e+01 

1.000000000000000e+02 1.218580913471785e+01 

1.000000000000000e+02 1.118176237957381e+01 

1.000000000000000e+02 1.262433629470196e+01 

1.000000000000000e+02 1.204952082428925e+01 

1.000000000000000e+02 1.198942108100461e+01 

1.000000000000000e+02 1.197647540842377e+01 

1.000000000000000e+02 1.236203456116929e+01 

1.000000000000000e+02 1.130269680171858e+01 

1.000000000000000e+02 1.216754931698012e+01 

1.000000000000000e+02 1.231252440094685e+01 

1.000000000000000e+02 1.164689434319047e+01 

1.000000000000000e+02 1.299109367524806e+01 

1.000000000000000e+02 1.249148497096684e+01 

1.000000000000000e+02 1.221717291900040e+01 

1.000000000000000e+02 1.227561477086363e+01 

1.000000000000000e+02 1.168939210722541e+01 

1.000000000000000e+02 1.127766269054355e+01 

1.000000000000000e+02 1.261742501338107e+01 

1.000000000000000e+02 1.137540095859575e+01 

1.000000000000000e+02 1.128148066143772e+01 

1.000000000000000e+02 1.111580430850175e+01 

1.000000000000000e+02 1.128450952030574e+01 

1.000000000000000e+02 1.171839472065651e+01 

1.000000000000000e+02 1.212192819054731e+01 

1.000000000000000e+02 1.215153363360623e+01 

1.000000000000000e+02 1.228086607006212e+01 

1.000000000000000e+02 1.156160386158564e+01 

1.000000000000000e+02 1.111708490668413e+01 

1.000000000000000e+02 1.152270088487479e+01 

1.000000000000000e+02 1.137783878911596e+01 

1.000000000000000e+02 1.225925731913089e+01 

1.000000000000000e+02 1.184957472552538e+01 

1.000000000000000e+02 1.210226201973452e+01 

1.000000000000000e+02 1.143964844373673e+01 

1.000000000000000e+02 1.167575026848407e+01 

1.000000000000000e+02 1.168299527663319e+01 

1.000000000000000e+02 1.196564248860074e+01 

1.000000000000000e+02 1.203146464011468e+01 

1.000000000000000e+02 1.176809645525744e+01 

1.000000000000000e+02 1.085475668719648e+01 

1.000000000000000e+02 1.257851686033930e+01 

1.000000000000000e+02 1.199363690616088e+01 

1.000000000000000e+02 1.121806993798769e+01 

1.000000000000000e+02 1.156144642107113e+01 

1.000000000000000e+02 1.143139762650938e+01 

1.000000000000000e+02 1.349235938666587e+01 

1.000000000000000e+02 1.188249072455809e+01 

1.000000000000000e+02 1.220949104711885e+01 

1.000000000000000e+02 1.143905411924697e+01 

1.000000000000000e+02 1.151649255270140e+01 

1.000000000000000e+02 1.205053569306487e+01 

1.000000000000000e+02 1.157100774703667e+01 

1.000000000000000e+02 1.238174997908622e+01 

1.000000000000000e+02 1.198637160237452e+01 

1.000000000000000e+02 1.211072122482575e+01 

1.000000000000000e+02 1.196442139719921e+01 

1.000000000000000e+02 1.205239966065434e+01 

1.000000000000000e+02 1.286122149333854e+01 

1.000000000000000e+02 1.159481838624821e+01 

1.000000000000000e+02 1.148881445583488e+01 

1.000000000000000e+02 1.331253867914544e+01 

1.000000000000000e+02 1.098505803659046e+01 

1.000000000000000e+02 1.147723759379050e+01 

1.000000000000000e+02 1.013571636705270e+01 

1.000000000000000e+02 -nan 

1.000000000000000e+02 1.141726131666383e+01 

1.000000000000000e+02 1.143285557284167e+01 

1.000000000000000e+02 1.259664580935523e+01 

1.000000000000000e+02 1.201103967428453e+01 

1.000000000000000e+02 1.244044471450939e+01 

1.000000000000000e+02 1.223528867959294e+01 

1.000000000000000e+02 1.166397154771085e+01 

1.000000000000000e+02 1.120370138259202e+01 

1.000000000000000e+02 1.144304985505673e+01 

1.000000000000000e+02 1.140719117721065e+01 

1.000000000000000e+02 1.168877954894697e+01 

1.000000000000000e+02 1.227605561313477e+01 

1.000000000000000e+02 1.204468079798210e+01 

1.000000000000000e+02 1.186413965327928e+01 

1.000000000000000e+02 1.081071547042754e+01 

1.000000000000000e+02 1.222625396176004e+01 

1.000000000000000e+02 1.137775318142119e+01 

1.000000000000000e+02 1.243538252233039e+01 

1.000000000000000e+02 1.131231452188167e+01 
