
5.000000000000000e+01 4.980563654027522e-03

5.000000000000000e+01 5.506964690655172e-03

5.000000000000000e+01 3.576827556431050e-03

5.000000000000000e+01 3.468847856599649e-03

5.000000000000000e+01 3.293380844404405e-03

5.000000000000000e+01 3.266385919436219e-03

5.000000000000000e+01 4.332685455126857e-03

5.000000000000000e+01 4.575639779715966e-03

5.000000000000000e+01 5.102040816313038e-03

5.000000000000000e+01 4.940071266595646e-03

5.000000000000000e+01 3.590325018912897e-03

5.000000000000000e+01 2.685995032936783e-03

5.000000000000000e+01 4.683619479546831e-03

5.000000000000000e+01 4.035741280660866e-03

5.000000000000000e+01 3.414858006701238e-03

5.000000000000000e+01 5.277507828524163e-03

5.000000000000000e+01 2.996436669893674e-03

5.000000000000000e+01 4.589137242207423e-03

5.000000000000000e+01 4.670122017062143e-03

5.000000000000000e+01 2.888456970100780e-03

5.000000000000000e+01 5.115538278790313e-03

5.000000000000000e+01 3.239390994495208e-03

5.000000000000000e+01 2.996436669905022e-03

5.000000000000000e+01 4.440665154952038e-03

5.000000000000000e+01 4.629629629634239e-03

5.000000000000000e+01 3.374365619286892e-03

5.000000000000000e+01 4.440665154964499e-03

5.000000000000000e+01 2.928949357523627e-03

5.000000000000000e+01 2.685995032924327e-03

5.000000000000000e+01 3.428355469172864e-03

5.000000000000000e+01 3.036929057336886e-03

5.000000000000000e+01 3.158406219642203e-03

5.000000000000000e+01 4.103228593020170e-03

5.000000000000000e+01 4.548644854778363e-03

5.000000000000000e+01 3.941259043292592e-03

5.000000000000000e+01 4.386675305053654e-03

5.000000000000000e+01 3.441852931635983e-03

5.000000000000000e+01 2.753482345323855e-03

5.000000000000000e+01 3.603822481372052e-03

5.000000000000000e+01 3.077421444766520e-03

5.000000000000000e+01 2.969441744956646e-03

5.000000000000000e+01 4.184213367875438e-03

5.000000000000000e+01 3.050426519803996e-03

5.000000000000000e+01 3.306878306886823e-03

5.000000000000000e+01 3.738797106145022e-03

5.000000000000000e+01 4.953568729079203e-03

5.000000000000000e+01 4.791599179341417e-03

5.000000000000000e+01 3.603822481379429e-03

5.000000000000000e+01 3.563330093935631e-03

5.000000000000000e+01 3.738797106140486e-03

5.000000000000000e+01 4.589137242196653e-03

5.000000000000000e+01 4.265198142750025e-03

5.000000000000000e+01 4.656624554580354e-03

5.000000000000000e+01 4.967066191552500e-03

5.000000000000000e+01 5.075045891376601e-03

5.000000000000000e+01 1.342997516466733e-02

5.000000000000000e+01 4.103228593032077e-03

5.000000000000000e+01 3.941259043289749e-03

5.000000000000000e+01 4.656624554582573e-03

5.000000000000000e+01 4.143720980445258e-03

5.000000000000000e+01 3.833279343469109e-03

5.000000000000000e+01 3.441852931638832e-03

5.000000000000000e+01 3.063923982296038e-03

5.000000000000000e+01 2.739984882837477e-03

5.000000000000000e+01 3.968253968250571e-03

5.000000000000000e+01 4.116726055501417e-03

5.000000000000000e+01 4.629629629622883e-03

5.000000000000000e+01 3.495842781553669e-03

5.000000000000000e+01 3.185401144590559e-03

5.000000000000000e+01 3.914264118340827e-03

5.000000000000000e+01 3.441852931673395e-03

5.000000000000000e+01 4.494655004851038e-03

5.000000000000000e+01 3.617319943841991e-03

5.000000000000000e+01 4.035741280626307e-03

5.000000000000000e+01 3.293380844398752e-03

5.000000000000000e+01 3.401360544205229e-03

5.000000000000000e+01 4.008746355677366e-03

5.000000000000000e+01 3.428355469168885e-03

5.000000000000000e+01 3.468847856597949e-03

5.000000000000000e+01 3.144908757171148e-03

5.000000000000000e+01 4.022243818148995e-03

5.000000000000000e+01 3.900766655874298e-03

5.000000000000000e+01 3.468847856594543e-03

5.000000000000000e+01 3.860274268448059e-03

5.000000000000000e+01 3.293380844403864e-03

5.000000000000000e+01 3.833279343481577e-03

5.000000000000000e+01 4.953568729086576e-03

5.000000000000000e+01 2.712989957876653e-03

5.000000000000000e+01 4.629629629633100e-03

5.000000000000000e+01 3.104416369721114e-03

5.000000000000000e+01 3.482345319072989e-03

5.000000000000000e+01 3.995248893206895e-03

5.000000000000000e+01 4.346182917602449e-03

5.000000000000000e+01 3.563330093939024e-03

5.000000000000000e+01 3.522837706496366e-03

5.000000000000000e+01 4.076233668074632e-03

5.000000000000000e+01 4.022243818173374e-03

5.000000000000000e+01 3.131411294688161e-03

5.000000000000000e+01 5.048050966415738e-03

5.000000000000000e+01 3.320375769345967e-03

5.000000000000000e+01 2.888456970093438e-03

5.000000000000000e+01 4.224705755313591e-03

5.000000000000000e+01 3.144908757160941e-03

5.000000000000000e+01 3.185401144576976e-03

5.000000000000000e+01 5.641939315410659e-03

5.000000000000000e+01 3.549832631474768e-03

5.000000000000000e+01 2.753482345318189e-03

5.000000000000000e+01 2.820969657721680e-03

5.000000000000000e+01 4.224705755328880e-03

5.000000000000000e+01 2.982939207426575e-03

5.000000000000000e+01 3.387863081740963e-03

5.000000000000000e+01 3.360868156776738e-03

5.000000000000000e+01 3.468847856607005e-03

5.000000000000000e+01 3.590325018883986e-03

5.000000000000000e+01 3.684807256230741e-03

5.000000000000000e+01 3.050426519812497e-03

5.000000000000000e+01 3.401360544217696e-03

5.000000000000000e+01 3.765792031123421e-03

5.000000000000000e+01 4.184213367886214e-03

5.000000000000000e+01 3.468847856595666e-03

5.000000000000000e+01 4.494655004861817e-03

5.000000000000000e+01 3.482345319083175e-03

5.000000000000000e+01 4.359680380076954e-03

5.000000000000000e+01 3.063923982291495e-03

5.000000000000000e+01 3.563330093937901e-03

5.000000000000000e+01 4.899578879156350e-03

5.000000000000000e+01 4.845589029263044e-03

5.000000000000000e+01 3.050426519810228e-03

5.000000000000000e+01 2.942446820000927e-03

5.000000000000000e+01 3.171903682098537e-03

5.000000000000000e+01 3.198898607063344e-03

5.000000000000000e+01 3.779289493570679e-03

5.000000000000000e+01 3.792786956040626e-03

5.000000000000000e+01 3.306878306877186e-03

5.000000000000000e+01 3.860274268457693e-03

5.000000000000000e+01 4.143720980459451e-03

5.000000000000000e+01 3.401360544204663e-03

5.000000000000000e+01 3.630817406334007e-03

5.000000000000000e+01 4.278695605223910e-03

5.000000000000000e+01 2.793974732750076e-03

5.000000000000000e+01 4.548644854774379e-03

5.000000000000000e+01 3.684807256249441e-03

5.000000000000000e+01 3.806284418527541e-03

5.000000000000000e+01 4.224705755319821e-03

5.000000000000000e+01 4.130223517987802e-03

5.000000000000000e+01 3.860274268423708e-03

5.000000000000000e+01 2.982939207430542e-03

5.000000000000000e+01 3.266385919440196e-03

5.000000000000000e+01 3.333873231837457e-03

5.000000000000000e+01 3.549832631461722e-03

5.000000000000000e+01 3.239390994495818e-03

5.000000000000000e+01 4.386675305059875e-03

5.000000000000000e+01 3.536335168994628e-03

5.000000000000000e+01 4.535147392310140e-03

5.000000000000000e+01 3.158406219634281e-03

5.000000000000000e+01 3.131411294683641e-03

5.000000000000000e+01 3.900766655891313e-03

5.000000000000000e+01 4.062736205600743e-03

5.000000000000000e+01 3.320375769344268e-03

5.000000000000000e+01 3.576827556405550e-03

5.000000000000000e+01 3.738797106138790e-03

5.000000000000000e+01 3.819781881011631e-03

5.000000000000000e+01 4.197710830369760e-03

5.000000000000000e+01 3.441852931652968e-03

5.000000000000000e+01 4.278695605229578e-03

5.000000000000000e+01 5.223517978618310e-03

5.000000000000000e+01 5.412482453312426e-03

5.000000000000000e+01 2.605010258062247e-03

5.000000000000000e+01 3.684807256227914e-03

5.000000000000000e+01 4.076233668074080e-03

5.000000000000000e+01 4.035741280627442e-03

5.000000000000000e+01 5.250512903586573e-03

5.000000000000000e+01 4.008746355688146e-03

5.000000000000000e+01 3.347370694300012e-03

5.000000000000000e+01 5.250512903587049e-03

5.000000000000000e+01 3.995248893200653e-03

5.000000000000000e+01 3.239390994482753e-03

5.000000000000000e+01 4.143720980466798e-03

5.000000000000000e+01 3.549832631462866e-03

5.000000000000000e+01 4.265198142758517e-03

5.000000000000000e+01 3.171903682113836e-03

5.000000000000000e+01 3.954756505762508e-03

5.000000000000000e+01 3.333873231829504e-03

5.000000000000000e+01 3.374365619256297e-03

5.000000000000000e+01 4.089731130533818e-03

5.000000000000000e+01 3.900766655874854e-03

5.000000000000000e+01 3.806284418532643e-03

5.000000000000000e+01 3.819781881003151e-03

5.000000000000000e+01 3.927761580827771e-03

5.000000000000000e+01 4.008746355679087e-03

5.000000000000000e+01 3.684807256233559e-03

5.000000000000000e+01 4.967066191575782e-03

5.000000000000000e+01 4.197710830374285e-03

5.000000000000000e+01 4.265198142752859e-03

5.000000000000000e+01 3.671309793749476e-03

5.000000000000000e+01 4.980563654029274e-03

5.000000000000000e+01 3.252888456964027e-03

5.000000000000000e+01 3.117913832196144e-03

5.000000000000000e+01 4.562142317251721e-03

5.000000000000000e+01 3.995248893205741e-03

5.000000000000000e+01 3.401360544221087e-03

5.000000000000000e+01 3.050426519815329e-03

5.000000000000000e+01 3.522837706513372e-03

5.000000000000000e+01 4.535147392299964e-03

5.000000000000000e+01 3.374365619278958e-03

5.000000000000000e+01 3.698304718700101e-03

5.000000000000000e+01 3.603822481359023e-03

5.000000000000000e+01 3.104416369710919e-03

5.000000000000000e+01 2.605010258069619e-03

5.000000000000000e+01 2.915451895040079e-03

5.000000000000000e+01 3.873771730903265e-03

5.000000000000000e+01 3.306878306877739e-03

5.000000000000000e+01 2.996436669906128e-03

5.000000000000000e+01 4.211208292852167e-03

5.000000000000000e+01 4.413670230017872e-03

5.000000000000000e+01 3.563330093934492e-03

5.000000000000000e+01 3.252888456962881e-03

5.000000000000000e+01 4.305690530186439e-03

5.000000000000000e+01 3.117913832201248e-03

5.000000000000000e+01 3.077421444769341e-03

5.000000000000000e+01 4.440665154952050e-03

5.000000000000000e+01 3.941259043295413e-03

5.000000000000000e+01 3.401360544201255e-03

5.000000000000000e+01 4.292193067695516e-03

5.000000000000000e+01 3.698304718719927e-03

5.000000000000000e+01 2.928949357521918e-03

5.000000000000000e+01 3.252888456987835e-03

5.000000000000000e+01 3.563330093941870e-03

5.000000000000000e+01 3.509340244029279e-03

5.000000000000000e+01 4.764604254397556e-03

5.000000000000000e+01 3.468847856604740e-03

5.000000000000000e+01 3.198898607058799e-03

5.000000000000000e+01 3.819781880989553e-03

5.000000000000000e+01 4.467660079903833e-03

5.000000000000000e+01 3.185401144582628e-03

5.000000000000000e+01 4.953568729074077e-03

5.000000000000000e+01 4.440665154954907e-03

5.000000000000000e+01 4.643127092094542e-03

5.000000000000000e+01 3.644314868795437e-03

5.000000000000000e+01 3.401360544210893e-03

5.000000000000000e+01 3.063923982284117e-03

5.000000000000000e+01 2.888456970090582e-03

5.000000000000000e+01 3.738797106139920e-03

5.000000000000000e+01 4.103228593025848e-03

5.000000000000000e+01 3.401360544232992e-03

5.000000000000000e+01 6.249325126878869e-03

5.000000000000000e+01 3.914264118353846e-03

5.000000000000000e+01 3.279883381913520e-03

5.000000000000000e+01 3.819781881005994e-03

5.000000000000000e+01 4.265198142747176e-03

5.000000000000000e+01 4.035741280645577e-03

5.000000000000000e+01 4.562142317240929e-03

5.000000000000000e+01 3.306878306875486e-03

5.000000000000000e+01 4.899578879186370e-03

5.000000000000000e+01 3.414858006704625e-03

5.000000000000000e+01 4.926573804110978e-03

5.000000000000000e+01 3.765792031105854e-03

5.000000000000000e+01 4.197710830373170e-03

5.000000000000000e+01 3.252888456985558e-03

5.000000000000000e+01 3.293380844393085e-03
