
5.000000000000000e+01 5.129035741280099e-03

5.000000000000000e+01 1.889644746776253e-03

5.000000000000000e+01 1.349746247709880e-03

5.000000000000000e+01 3.779289493578037e-03

5.000000000000000e+01 6.222330201927619e-03

5.000000000000000e+01 4.616132167139915e-03

5.000000000000000e+01 4.562142317240375e-03

5.000000000000000e+01 5.291005291009956e-03

5.000000000000000e+01 1.241766547884698e-03

5.000000000000000e+01 3.833279343483269e-03

5.000000000000000e+01 2.605010258067355e-03

5.000000000000000e+01 3.779289493565579e-03

5.000000000000000e+01 4.845589029249467e-03

5.000000000000000e+01 3.036929057336318e-03

5.000000000000000e+01 2.537522945692180e-03

5.000000000000000e+01 2.024619371556597e-03

5.000000000000000e+01 4.967066191547968e-03

5.000000000000000e+01 3.657812331279554e-03

5.000000000000000e+01 5.075045891385617e-03

5.000000000000000e+01 3.563330093934501e-03

5.000000000000000e+01 3.806284418538889e-03

5.000000000000000e+01 2.267573696139447e-03

5.000000000000000e+01 3.495842781546314e-03

5.000000000000000e+01 5.061548428889086e-03

5.000000000000000e+01 4.049238743155164e-04

5.000000000000000e+01 9.043299859590715e-04

5.000000000000000e+01 3.779289493576339e-03

5.000000000000000e+01 1.781665046974883e-03

5.000000000000000e+01 3.320375769355623e-03

5.000000000000000e+01 1.903142209262621e-03

5.000000000000000e+01 2.254076233687667e-03

5.000000000000000e+01 2.213583846234803e-03

5.000000000000000e+01 4.305690530166606e-03

5.000000000000000e+01 1.255264010368230e-03

5.000000000000000e+01 1.160781773031120e-03

5.000000000000000e+01 1.174279235506722e-03

5.000000000000000e+01 3.603822481376032e-03

5.000000000000000e+01 4.157218442944111e-03

5.000000000000000e+01 4.265198142758477e-03

5.000000000000000e+01 2.524025483217155e-03

5.000000000000000e+01 1.849152359352292e-03

5.000000000000000e+01 2.605010258064504e-03

5.000000000000000e+01 1.417233560088997e-03

5.000000000000000e+01 1.565705647333592e-03

5.000000000000000e+01 4.211208292845901e-03

5.000000000000000e+01 2.294568621089500e-03

5.000000000000000e+01 2.294568621098580e-03

5.000000000000000e+01 2.375553395954424e-03

5.000000000000000e+01 2.078609221476561e-03

5.000000000000000e+01 1.282258935330198e-03

5.000000000000000e+01 2.011121909069656e-03

5.000000000000000e+01 2.092106683940813e-03

5.000000000000000e+01 2.537522945696170e-03

5.000000000000000e+01 2.105604146418111e-03

5.000000000000000e+01 2.065111758985655e-03

5.000000000000000e+01 1.106791923125335e-03

5.000000000000000e+01 4.211208292853842e-03

5.000000000000000e+01 5.250512903579168e-03

5.000000000000000e+01 3.009934132388540e-03

5.000000000000000e+01 2.173091458802328e-03

5.000000000000000e+01 1.093294460642936e-03

5.000000000000000e+01 1.768167584491349e-03

5.000000000000000e+01 4.373177842582556e-03

5.000000000000000e+01 6.991685563111531e-03

5.000000000000000e+01 3.360868156790321e-03

5.000000000000000e+01 3.212396069544603e-03

5.000000000000000e+01 3.603822481377151e-03

5.000000000000000e+01 5.210020516134244e-03

5.000000000000000e+01 4.157218442935035e-03

5.000000000000000e+01 3.428355469180785e-03

5.000000000000000e+01 1.374041680159967e-02

5.000000000000000e+01 4.305690530180186e-03

5.000000000000000e+01 1.009610193285317e-02

5.000000000000000e+01 8.287441960907580e-03

5.000000000000000e+01 9.502213583858967e-03

5.000000000000000e+01 1.220170607926289e-02

5.000000000000000e+01 6.667746463679024e-03

5.000000000000000e+01 3.360868156785801e-03

5.000000000000000e+01 1.610247273511668e-02

5.000000000000000e+01 9.893639995668725e-03

5.000000000000000e+01 1.303854875286023e-02

5.000000000000000e+01 1.102742684376247e-02

5.000000000000000e+01 3.846776805952634e-03

5.000000000000000e+01 9.232264334315923e-03

5.000000000000000e+01 1.961181297915980e-02

5.000000000000000e+01 5.601446927955465e-03

5.000000000000000e+01 1.700680272107698e-03

5.000000000000000e+01 1.338948277725220e-02

5.000000000000000e+01 1.190476190477986e-02

5.000000000000000e+01 5.237015441097908e-03

5.000000000000000e+01 4.427167692458888e-03

5.000000000000000e+01 4.481157542372566e-03

5.000000000000000e+01 8.287441960896851e-03

5.000000000000000e+01 8.759853147622548e-03

5.000000000000000e+01 1.270111219089049e-02

5.000000000000000e+01 9.151279559447110e-03

5.000000000000000e+01 4.913076341639915e-03

5.000000000000000e+01 1.274160457832792e-02

5.000000000000000e+01 9.907137458165443e-03

5.000000000000000e+01 6.384299751666498e-03

5.000000000000000e+01 1.486070618727235e-02

5.000000000000000e+01 4.429867184973828e-02

5.000000000000000e+01 3.462099125361710e-02

5.000000000000000e+01 1.607547781016376e-02

5.000000000000000e+01 4.196361084114036e-02

5.000000000000000e+01 1.654788899686882e-02

5.000000000000000e+01 2.380952380955568e-02

5.000000000000000e+01 5.803908865158046e-03

5.000000000000000e+01 3.158406219624074e-03

5.000000000000000e+01 9.178274484318345e-04

5.000000000000000e+01 1.511715797434616e-03

5.000000000000000e+01 9.988122232984530e-04

5.000000000000000e+01 3.428355469179641e-03

5.000000000000000e+01 9.178274484431758e-04

5.000000000000000e+01 1.052802073205940e-03

5.000000000000000e+01 1.930137134218915e-03

5.000000000000000e+01 3.819781880997472e-03

5.000000000000000e+01 7.963502861514683e-04

5.000000000000000e+01 1.214771622928401e-03

5.000000000000000e+01 1.390238635133834e-03

5.000000000000000e+01 1.700680272110536e-03

5.000000000000000e+01 9.178274484386393e-04

5.000000000000000e+01 2.186588921280193e-03

5.000000000000000e+01 1.417233560100336e-03

5.000000000000000e+01 2.591512795595151e-03

5.000000000000000e+01 4.589137242190368e-04

5.000000000000000e+01 1.930137134214943e-03

5.000000000000000e+01 1.579203109816557e-03

5.000000000000000e+01 3.954756505776675e-03

5.000000000000000e+01 1.876147284313126e-03

5.000000000000000e+01 1.957132059166706e-03

5.000000000000000e+01 8.908325234851786e-04

5.000000000000000e+01 7.828528236719029e-04

5.000000000000000e+01 7.153655112820163e-04

5.000000000000000e+01 2.510528020734208e-03

5.000000000000000e+01 2.793974732742702e-03

5.000000000000000e+01 5.129035741299260e-04

5.000000000000000e+01 1.687182809630967e-03

5.000000000000000e+01 8.638375985328518e-04

5.000000000000000e+01 1.295756397796154e-03

5.000000000000000e+01 9.178274484409066e-04

5.000000000000000e+01 2.915451895046321e-03

5.000000000000000e+01 1.444228485047559e-03

5.000000000000000e+01 7.423604362371766e-04

5.000000000000000e+01 1.781665046968080e-03

5.000000000000000e+01 3.590325018881704e-03

5.000000000000000e+01 1.862649821826758e-03

5.000000000000000e+01 2.267573696138878e-03

5.000000000000000e+01 1.768167584500425e-03

5.000000000000000e+01 1.727675197060024e-03

5.000000000000000e+01 2.146096533851699e-03

5.000000000000000e+01 1.876147284311427e-03

5.000000000000000e+01 2.362055933479387e-03

5.000000000000000e+01 1.201274160460749e-03

5.000000000000000e+01 2.281071158624672e-03

5.000000000000000e+01 1.862649821835826e-03

5.000000000000000e+01 3.374365619261966e-03

5.000000000000000e+01 2.038116834028786e-03

5.000000000000000e+01 1.606198034772853e-03

5.000000000000000e+01 1.498218334951075e-03

5.000000000000000e+01 1.363243710185478e-03

5.000000000000000e+01 1.660187884684311e-03

5.000000000000000e+01 7.693553611912029e-04

5.000000000000000e+01 2.901954432566188e-03

5.000000000000000e+01 2.200086383754659e-03

5.000000000000000e+01 3.914264118370855e-04

5.000000000000000e+01 1.471223409999886e-03

5.000000000000000e+01 1.714177734587829e-03

5.000000000000000e+01 1.039304610736014e-03

5.000000000000000e+01 4.859086491724978e-04

5.000000000000000e+01 6.748731238586271e-04

5.000000000000000e+01 1.498218334953911e-03

5.000000000000000e+01 2.389050858431722e-03

5.000000000000000e+01 1.781665046966376e-03

5.000000000000000e+01 1.498218334951077e-03

5.000000000000000e+01 5.129035741321948e-04

5.000000000000000e+01 2.820969657693330e-03

5.000000000000000e+01 2.024619371558864e-03

5.000000000000000e+01 2.618507720535571e-03

5.000000000000000e+01 2.874959507623498e-03

5.000000000000000e+01 6.748731238506899e-04

5.000000000000000e+01 1.147284310543050e-03

5.000000000000000e+01 2.766979807790932e-03

5.000000000000000e+01 3.239390994495799e-03

5.000000000000000e+01 1.565705647334159e-03

5.000000000000000e+01 1.376741172654835e-03

5.000000000000000e+01 1.390238635140635e-03

5.000000000000000e+01 9.178274484358035e-04

5.000000000000000e+01 2.011121909073627e-03

5.000000000000000e+01 1.619695497249587e-03

5.000000000000000e+01 2.497030558261445e-03

5.000000000000000e+01 8.233452110998256e-04

5.000000000000000e+01 1.106791923121932e-03

5.000000000000000e+01 1.822157434398270e-03

5.000000000000000e+01 1.214771622940878e-03

5.000000000000000e+01 9.583198358676954e-04

5.000000000000000e+01 9.043299859636102e-04

5.000000000000000e+01 5.938883489925758e-04

5.000000000000000e+01 7.423604362377434e-04

5.000000000000000e+01 2.321563546048063e-03

5.000000000000000e+01 1.916639671746720e-03

5.000000000000000e+01 1.187776697974374e-03

5.000000000000000e+01 2.335061008530458e-03

5.000000000000000e+01 2.685995032931703e-03

5.000000000000000e+01 9.583198358671270e-04

5.000000000000000e+01 1.808659971922107e-03

5.000000000000000e+01 1.349746247702505e-03

5.000000000000000e+01 2.024619371557728e-03

5.000000000000000e+01 1.376741172666174e-03

5.000000000000000e+01 3.279883381925420e-03

5.000000000000000e+01 4.751106791923129e-03

5.000000000000000e+01 4.143720980435075e-03

5.000000000000000e+01 1.741172659545837e-03

5.000000000000000e+01 5.358492603391876e-03

5.000000000000000e+01 3.617319943842543e-03

5.000000000000000e+01 3.158406219641065e-03

5.000000000000000e+01 1.754670122004413e-03

5.000000000000000e+01 1.363243710192847e-03

5.000000000000000e+01 2.281071158632604e-03

5.000000000000000e+01 1.160781773028293e-03

5.000000000000000e+01 1.835654896882370e-03

5.000000000000000e+01 2.982939207421480e-03

5.000000000000000e+01 3.185401144590563e-03

5.000000000000000e+01 1.005560954541329e-02

5.000000000000000e+01 3.995248893221059e-03

5.000000000000000e+01 1.079796998160538e-03

5.000000000000000e+01 2.173091458798367e-03

5.000000000000000e+01 2.065111758995856e-03

5.000000000000000e+01 4.089731130550799e-03

5.000000000000000e+01 2.186588921273952e-03

5.000000000000000e+01 4.346182917615509e-03

5.000000000000000e+01 5.169528128706899e-03

5.000000000000000e+01 1.538710722388639e-03

5.000000000000000e+01 4.278695605222761e-03

5.000000000000000e+01 8.368426735833588e-04

5.000000000000000e+01 4.454162617415749e-03

5.000000000000000e+01 2.038116834029923e-03

5.000000000000000e+01 2.227081308706990e-03

5.000000000000000e+01 3.360868156788641e-03

5.000000000000000e+01 1.106791923125335e-03

5.000000000000000e+01 5.007558578998065e-03

5.000000000000000e+01 4.292193067693259e-03

5.000000000000000e+01 3.968253968273253e-03

5.000000000000000e+01 1.916639671735381e-03

5.000000000000000e+01 2.254076233659883e-03

5.000000000000000e+01 1.241766547897176e-03

5.000000000000000e+01 2.497030558249542e-03

5.000000000000000e+01 8.638375985283168e-04

5.000000000000000e+01 3.212396069525314e-03

5.000000000000000e+01 3.603822481380551e-03

5.000000000000000e+01 2.105604146412441e-03

5.000000000000000e+01 1.957132059175212e-03

5.000000000000000e+01 1.376741172664472e-03

5.000000000000000e+01 1.498218334956184e-03

5.000000000000000e+01 2.051614296518555e-03

5.000000000000000e+01 2.497030558246697e-03

5.000000000000000e+01 4.697116942011083e-03

5.000000000000000e+01 3.131411294665516e-03

5.000000000000000e+01 8.908325234823439e-04

5.000000000000000e+01 2.402548320913557e-03
