
5.000000000000000e+01 3.482345319079214e-03

5.000000000000000e+01 3.806284418522448e-03

5.000000000000000e+01 4.184213367885079e-03

5.000000000000000e+01 3.441852931662610e-03

5.000000000000000e+01 3.428355469165482e-03

5.000000000000000e+01 3.671309793742105e-03

5.000000000000000e+01 3.711802181198352e-03

5.000000000000000e+01 3.995248893208025e-03

5.000000000000000e+01 3.644314868799407e-03

5.000000000000000e+01 3.752294568604771e-03

5.000000000000000e+01 3.738797106138800e-03

5.000000000000000e+01 3.873771730923670e-03

5.000000000000000e+01 3.819781881002581e-03

5.000000000000000e+01 4.008746355683612e-03

5.000000000000000e+01 3.819781881012210e-03

5.000000000000000e+01 3.954756505785743e-03

5.000000000000000e+01 3.522837706498627e-03

5.000000000000000e+01 2.416045783405592e-03

5.000000000000000e+01 4.022243818171112e-03

5.000000000000000e+01 3.779289493562191e-03

5.000000000000000e+01 3.617319943844810e-03

5.000000000000000e+01 3.347370694313629e-03

5.000000000000000e+01 3.887269193386801e-03

5.000000000000000e+01 3.887269193398127e-03

5.000000000000000e+01 3.738797106148424e-03

5.000000000000000e+01 4.035741280647255e-03

5.000000000000000e+01 4.211208292856115e-03

5.000000000000000e+01 3.792786956040611e-03

5.000000000000000e+01 3.846776805973617e-03

5.000000000000000e+01 4.103228593018456e-03

5.000000000000000e+01 4.305690530188676e-03

5.000000000000000e+01 3.887269193393595e-03

5.000000000000000e+01 3.738797106141057e-03

5.000000000000000e+01 3.401360544222234e-03

5.000000000000000e+01 4.184213367875467e-03

5.000000000000000e+01 3.819781881006535e-03

5.000000000000000e+01 4.008746355676816e-03

5.000000000000000e+01 3.779289493579740e-03

5.000000000000000e+01 3.819781881003713e-03

5.000000000000000e+01 3.684807256222803e-03

5.000000000000000e+01 3.576827556411805e-03

5.000000000000000e+01 2.820969657698439e-03

5.000000000000000e+01 3.711802181176256e-03

5.000000000000000e+01 4.157218442945226e-03

5.000000000000000e+01 3.360868156776161e-03

5.000000000000000e+01 3.914264118342533e-03

5.000000000000000e+01 3.846776805960001e-03

5.000000000000000e+01 2.753482345322717e-03

5.000000000000000e+01 3.887269193386802e-03

5.000000000000000e+01 3.927761580829451e-03

5.000000000000000e+01 3.792786956051956e-03

5.000000000000000e+01 4.346182917617182e-03

5.000000000000000e+01 3.644314868811332e-03

5.000000000000000e+01 3.644314868809043e-03

5.000000000000000e+01 3.887269193394718e-03

5.000000000000000e+01 4.818594104314724e-03

5.000000000000000e+01 3.860274268439576e-03

5.000000000000000e+01 3.806284418519603e-03

5.000000000000000e+01 4.157218442922568e-03

5.000000000000000e+01 3.522837706492406e-03

5.000000000000000e+01 3.644314868813008e-03

5.000000000000000e+01 3.644314868812443e-03

5.000000000000000e+01 3.927761580818683e-03

5.000000000000000e+01 3.819781881007116e-03

5.000000000000000e+01 3.455350394125737e-03

5.000000000000000e+01 3.833279343494612e-03

5.000000000000000e+01 4.035741280637654e-03

5.000000000000000e+01 3.981751430731297e-03

5.000000000000000e+01 3.927761580823229e-03

5.000000000000000e+01 3.927761580834561e-03

5.000000000000000e+01 4.022243818176768e-03

5.000000000000000e+01 4.116726055507103e-03

5.000000000000000e+01 3.846776805962846e-03

5.000000000000000e+01 3.725299643671119e-03

5.000000000000000e+01 3.468847856591713e-03

5.000000000000000e+01 3.671309793754570e-03

5.000000000000000e+01 3.846776805971907e-03

5.000000000000000e+01 3.981751430732985e-03

5.000000000000000e+01 4.089731130541152e-03

5.000000000000000e+01 3.563330093955440e-03

5.000000000000000e+01 3.536335168983302e-03

5.000000000000000e+01 3.509340244041735e-03

5.000000000000000e+01 3.725299643657529e-03

5.000000000000000e+01 4.035741280647831e-03

5.000000000000000e+01 3.995248893201207e-03

5.000000000000000e+01 4.170715905428149e-03

5.000000000000000e+01 5.277507828533741e-03

5.000000000000000e+01 4.008746355679089e-03

5.000000000000000e+01 3.590325018904381e-03

5.000000000000000e+01 3.698304718721619e-03

5.000000000000000e+01 4.089731130547392e-03

5.000000000000000e+01 3.968253968262479e-03

5.000000000000000e+01 3.981751430720509e-03

5.000000000000000e+01 4.427167692457737e-03

5.000000000000000e+01 3.887269193380553e-03

5.000000000000000e+01 3.684807256226776e-03

5.000000000000000e+01 3.765792031104722e-03

5.000000000000000e+01 3.792786956046277e-03

5.000000000000000e+01 3.401360544216565e-03

5.000000000000000e+01 4.305690530185859e-03

5.000000000000000e+01 3.576827556432175e-03

5.000000000000000e+01 4.022243818157519e-03

5.000000000000000e+01 3.684807256244337e-03

5.000000000000000e+01 3.968253968260222e-03

5.000000000000000e+01 3.954756505773867e-03

5.000000000000000e+01 3.671309793764192e-03

5.000000000000000e+01 3.941259043288031e-03

5.000000000000000e+01 4.035741280651815e-03

5.000000000000000e+01 3.833279343469111e-03

5.000000000000000e+01 3.887269193380552e-03

5.000000000000000e+01 3.927761580819272e-03

5.000000000000000e+01 4.305690530164891e-03

5.000000000000000e+01 3.644314868801098e-03

5.000000000000000e+01 4.494655004848780e-03

5.000000000000000e+01 3.995248893196676e-03

5.000000000000000e+01 4.157218442924793e-03

5.000000000000000e+01 3.792786956047981e-03

5.000000000000000e+01 4.373177842582578e-03

5.000000000000000e+01 3.684807256222809e-03

5.000000000000000e+01 3.482345319071280e-03

5.000000000000000e+01 3.765792031093942e-03

5.000000000000000e+01 3.779289493600137e-03

5.000000000000000e+01 3.401360544210882e-03

5.000000000000000e+01 3.428355469168324e-03

5.000000000000000e+01 4.049238743109852e-03

5.000000000000000e+01 3.941259043294853e-03

5.000000000000000e+01 3.995248893211970e-03

5.000000000000000e+01 3.684807256239250e-03

5.000000000000000e+01 4.022243818149578e-03

5.000000000000000e+01 3.941259043288054e-03

5.000000000000000e+01 3.968253968263627e-03

5.000000000000000e+01 4.427167692474761e-03

5.000000000000000e+01 3.725299643654704e-03

5.000000000000000e+01 3.833279343480443e-03

5.000000000000000e+01 3.873771730928755e-03

5.000000000000000e+01 3.981751430738091e-03

5.000000000000000e+01 4.467660079894185e-03

5.000000000000000e+01 3.698304718714256e-03

5.000000000000000e+01 3.819781881002020e-03

5.000000000000000e+01 3.536335168986134e-03

5.000000000000000e+01 4.035741280654080e-03

5.000000000000000e+01 3.806284418541695e-03

5.000000000000000e+01 3.657812331282945e-03

5.000000000000000e+01 3.860274268431632e-03

5.000000000000000e+01 4.238203217798799e-03

5.000000000000000e+01 4.346182917598479e-03

5.000000000000000e+01 3.927761580824932e-03

5.000000000000000e+01 3.806284418512253e-03

5.000000000000000e+01 3.806284418543414e-03

5.000000000000000e+01 3.671309793751737e-03

5.000000000000000e+01 3.941259043305043e-03

5.000000000000000e+01 3.860274268453165e-03

5.000000000000000e+01 3.738797106145024e-03

5.000000000000000e+01 3.860274268454881e-03

5.000000000000000e+01 3.954756505790286e-03

5.000000000000000e+01 3.738797106148997e-03

5.000000000000000e+01 3.954756505782358e-03

5.000000000000000e+01 3.725299643676796e-03

5.000000000000000e+01 3.657812331271602e-03

5.000000000000000e+01 3.455350394111011e-03

5.000000000000000e+01 3.657812331282947e-03

5.000000000000000e+01 3.941259043306186e-03

5.000000000000000e+01 3.860274268449208e-03

5.000000000000000e+01 3.738797106147286e-03

5.000000000000000e+01 3.630817406336294e-03

5.000000000000000e+01 3.333873231828933e-03

5.000000000000000e+01 3.752294568624027e-03

5.000000000000000e+01 3.752294568609871e-03

5.000000000000000e+01 3.576827556414064e-03

5.000000000000000e+01 4.089731130546273e-03

5.000000000000000e+01 4.116726055487250e-03

5.000000000000000e+01 4.022243818164882e-03

5.000000000000000e+01 3.738797106156916e-03

5.000000000000000e+01 3.671309793752311e-03

5.000000000000000e+01 4.157218442956572e-03

5.000000000000000e+01 3.873771730920857e-03

5.000000000000000e+01 3.684807256241504e-03

5.000000000000000e+01 3.927761580823798e-03

5.000000000000000e+01 3.941259043298835e-03

5.000000000000000e+01 3.819781881011645e-03

5.000000000000000e+01 3.981751430736964e-03

5.000000000000000e+01 4.022243818153554e-03

5.000000000000000e+01 3.900766655863538e-03

5.000000000000000e+01 3.738797106141623e-03

5.000000000000000e+01 3.752294568611549e-03

5.000000000000000e+01 4.035741280649538e-03

5.000000000000000e+01 3.981751430733541e-03

5.000000000000000e+01 4.103228593028681e-03

5.000000000000000e+01 2.996436669908411e-03

5.000000000000000e+01 5.061548428891895e-03

5.000000000000000e+01 3.968253968243209e-03

5.000000000000000e+01 3.671309793774968e-03

5.000000000000000e+01 4.197710830357833e-03

5.000000000000000e+01 4.211208292847626e-03

5.000000000000000e+01 3.806284418527549e-03

5.000000000000000e+01 3.725299643666046e-03

5.000000000000000e+01 3.900766655855592e-03

5.000000000000000e+01 3.698304718706908e-03

5.000000000000000e+01 3.549832631461167e-03

5.000000000000000e+01 4.251700680257977e-03

5.000000000000000e+01 3.293380844401008e-03

5.000000000000000e+01 4.143720980449237e-03

5.000000000000000e+01 3.806284418529809e-03

5.000000000000000e+01 4.049238743124003e-03

5.000000000000000e+01 3.779289493574669e-03

5.000000000000000e+01 3.833279343469680e-03

5.000000000000000e+01 4.049238743101920e-03

5.000000000000000e+01 3.509340244021898e-03

5.000000000000000e+01 3.725299643674527e-03

5.000000000000000e+01 3.954756505784624e-03

5.000000000000000e+01 4.292193067693277e-03

5.000000000000000e+01 3.509340244034937e-03

5.000000000000000e+01 3.752294568612698e-03

5.000000000000000e+01 3.860274268444679e-03

5.000000000000000e+01 4.076233668088225e-03

5.000000000000000e+01 3.725299643656412e-03

5.000000000000000e+01 4.197710830356686e-03

5.000000000000000e+01 4.076233668086556e-03

5.000000000000000e+01 3.603822481379988e-03

5.000000000000000e+01 3.563330093946950e-03

5.000000000000000e+01 3.644314868804498e-03

5.000000000000000e+01 3.644314868791496e-03

5.000000000000000e+01 3.995248893199518e-03

5.000000000000000e+01 3.738797106148413e-03

5.000000000000000e+01 3.792786956047973e-03

5.000000000000000e+01 3.711802181204613e-03

5.000000000000000e+01 3.671309793767617e-03

5.000000000000000e+01 3.293380844403282e-03

5.000000000000000e+01 3.819781881001445e-03

5.000000000000000e+01 3.752294568624024e-03

5.000000000000000e+01 3.914264118347054e-03

5.000000000000000e+01 3.860274268427680e-03

5.000000000000000e+01 3.887269193373772e-03

5.000000000000000e+01 3.860274268443530e-03

5.000000000000000e+01 3.765792031099055e-03

5.000000000000000e+01 4.062736205592820e-03

5.000000000000000e+01 4.548644854782938e-03

5.000000000000000e+01 4.049238743116081e-03

5.000000000000000e+01 3.819781881004284e-03

5.000000000000000e+01 4.035741280623463e-03

5.000000000000000e+01 3.833279343475335e-03

5.000000000000000e+01 3.968253968247757e-03

5.000000000000000e+01 3.779289493583717e-03

5.000000000000000e+01 3.279883381928824e-03

5.000000000000000e+01 4.049238743129110e-03

5.000000000000000e+01 3.914264118347065e-03

5.000000000000000e+01 4.116726055505974e-03

5.000000000000000e+01 3.806284418533776e-03

5.000000000000000e+01 3.117913832198419e-03

5.000000000000000e+01 3.995248893212544e-03

5.000000000000000e+01 3.792786956051382e-03

5.000000000000000e+01 3.995248893208583e-03

5.000000000000000e+01 3.779289493575226e-03

5.000000000000000e+01 3.819781881016191e-03

5.000000000000000e+01 4.562142317256259e-03

5.000000000000000e+01 3.846776805954907e-03

5.000000000000000e+01 3.630817406319277e-03

5.000000000000000e+01 3.509340244044573e-03

5.000000000000000e+01 4.197710830370877e-03

5.000000000000000e+01 3.657812331267634e-03
