
5.000000000000000e+01 2.389726690764958e-04

5.000000000000000e+01 5.282553737360597e-04

5.000000000000000e+01 7.546505339001600e-05

5.000000000000000e+01 4.087690392020942e-03

5.000000000000000e+01 1.280390405876768e-02

5.000000000000000e+01 1.550806847197695e-02

5.000000000000000e+01 1.467795288466428e-02

5.000000000000000e+01 8.024450677302243e-03

5.000000000000000e+01 3.144377224654298e-04

5.000000000000000e+01 8.175380784042811e-04

5.000000000000000e+01 2.402304199628747e-03

5.000000000000000e+01 2.263951601781606e-04

5.000000000000000e+01 0.000000000000000e+00

5.000000000000000e+01 5.810809111109989e-03

5.000000000000000e+01 1.602374633678851e-02

5.000000000000000e+01 2.433747971876841e-02

5.000000000000000e+01 2.260178349077147e-02

5.000000000000000e+01 8.024450677317928e-03

5.000000000000000e+01 1.396103487741811e-03

5.000000000000000e+01 5.307708755210133e-03

5.000000000000000e+01 2.502924270822464e-03

5.000000000000000e+01 3.647477580603961e-04

5.000000000000000e+01 7.521350321357383e-03

5.000000000000000e+01 9.345089111653859e-03

5.000000000000000e+01 6.829587331934510e-03

5.000000000000000e+01 9.307356584893048e-04

5.000000000000000e+01 8.175380784048214e-04

5.000000000000000e+01 6.213289395906388e-03

5.000000000000000e+01 8.955186335799420e-03

5.000000000000000e+01 4.226042989933984e-03

5.000000000000000e+01 1.383525978844000e-04

5.000000000000000e+01 1.031355729686810e-03

5.000000000000000e+01 1.106820783075207e-03

5.000000000000000e+01 0.000000000000000e+00

5.000000000000000e+01 7.546505339109766e-05

5.000000000000000e+01 4.515325694592961e-03

5.000000000000000e+01 7.873520570515701e-03

5.000000000000000e+01 3.735520142870798e-03

5.000000000000000e+01 1.006200711877699e-04

5.000000000000000e+01 2.238796583948205e-03

5.000000000000000e+01 6.251021922609469e-03

5.000000000000000e+01 4.502748185687568e-03

5.000000000000000e+01 4.150577936494134e-04

5.000000000000000e+01 1.257750889779520e-05

5.000000000000000e+01 1.773428754685951e-03

5.000000000000000e+01 7.357842705667793e-03

5.000000000000000e+01 9.395399147255947e-03

5.000000000000000e+01 3.219842278042239e-03

5.000000000000000e+01 2.892827046650889e-03

5.000000000000000e+01 9.533751745129522e-03

5.000000000000000e+01 9.156426478169088e-03

5.000000000000000e+01 3.609745053894469e-03

5.000000000000000e+01 3.773252669527828e-04

5.000000000000000e+01 2.767051957684824e-03

5.000000000000000e+01 3.244997295830254e-03

5.000000000000000e+01 5.534103915348955e-04

5.000000000000000e+01 1.534456085633790e-03

5.000000000000000e+01 5.609568968762594e-03

5.000000000000000e+01 2.603544341995088e-03

5.000000000000000e+01 0.000000000000000e+00

5.000000000000000e+01 0.000000000000000e+00

5.000000000000000e+01 2.817361993287366e-03

5.000000000000000e+01 4.112845409837617e-03

5.000000000000000e+01 8.930031318013306e-04

5.000000000000000e+01 3.018602135648859e-03

5.000000000000000e+01 9.257046549358900e-03

5.000000000000000e+01 1.221276114054139e-02

5.000000000000000e+01 1.145811060661557e-02

5.000000000000000e+01 1.433836014427631e-03

5.000000000000000e+01 1.924358861483831e-03

5.000000000000000e+01 8.716213666730352e-03

5.000000000000000e+01 8.024450677304328e-03

5.000000000000000e+01 2.301684128436631e-03

5.000000000000000e+01 1.257750889833600e-05

5.000000000000000e+01 1.257750889887680e-05

5.000000000000000e+01 2.528079288622925e-03

5.000000000000000e+01 3.056334662359008e-03

5.000000000000000e+01 1.006200711888514e-04

5.000000000000000e+01 2.892827046622683e-04

5.000000000000000e+01 4.402128114481992e-03

5.000000000000000e+01 1.370948469943741e-02

5.000000000000000e+01 2.387211188951127e-02

5.000000000000000e+01 2.866414277988160e-02

5.000000000000000e+01 2.590966833110235e-02

5.000000000000000e+01 9.697259360820444e-03

5.000000000000000e+01 1.043933238578117e-03

5.000000000000000e+01 8.087338221789094e-03

5.000000000000000e+01 1.217502861383507e-02

5.000000000000000e+01 8.552706051029781e-03

5.000000000000000e+01 2.050133950460166e-03

5.000000000000000e+01 1.257750889833594e-05

5.000000000000000e+01 0.000000000000000e+00

5.000000000000000e+01 1.396103487740729e-03

5.000000000000000e+01 5.685034022159108e-03

5.000000000000000e+01 5.634723986573344e-03

5.000000000000000e+01 8.049605695118937e-04

5.000000000000000e+01 0.000000000000000e+00

5.000000000000000e+01 1.584766121220639e-03

5.000000000000000e+01 2.628699359810693e-03

5.000000000000000e+01 8.049605695113555e-04

5.000000000000000e+01 9.433131673908876e-04

5.000000000000000e+01 8.678481140008713e-04

5.000000000000000e+01 0.000000000000000e+00

5.000000000000000e+01 4.024802847575672e-04

5.000000000000000e+01 4.930383488254764e-03

5.000000000000000e+01 5.207088684023483e-03

5.000000000000000e+01 2.892827046655132e-04

5.000000000000000e+01 2.389726690770369e-04

5.000000000000000e+01 3.370772384826069e-03

5.000000000000000e+01 1.358370961053292e-03

5.000000000000000e+01 1.811161281405837e-03

5.000000000000000e+01 2.440036726330237e-03

5.000000000000000e+01 2.515501779775365e-05

5.000000000000000e+01 4.402128114520350e-04

5.000000000000000e+01 2.402304199634140e-03

5.000000000000000e+01 1.886626334793665e-04

5.000000000000000e+01 1.949513879280506e-03

5.000000000000000e+01 4.465015659006104e-03

5.000000000000000e+01 1.157130818672880e-03

5.000000000000000e+01 7.672280428125566e-04

5.000000000000000e+01 6.791854805269110e-04

5.000000000000000e+01 0.000000000000000e+00

5.000000000000000e+01 8.804256228943361e-05

5.000000000000000e+01 2.213641566149361e-03

5.000000000000000e+01 3.106644697952902e-03

5.000000000000000e+01 1.509301067848995e-04

5.000000000000000e+01 5.031003559388480e-05

5.000000000000000e+01 3.421082420423741e-03

5.000000000000000e+01 4.037380356448153e-03

5.000000000000000e+01 6.540304627286159e-04

5.000000000000000e+01 1.270328398763857e-03

5.000000000000000e+01 6.087514306923050e-03

5.000000000000000e+01 4.402128114513902e-03

5.000000000000000e+01 1.635076156799902e-04

5.000000000000000e+01 1.119398291979493e-03

5.000000000000000e+01 4.200887972127567e-03

5.000000000000000e+01 1.609921139018396e-03

5.000000000000000e+01 1.220018363167268e-03

5.000000000000000e+01 4.955538506053554e-03

5.000000000000000e+01 4.112845409845727e-03

5.000000000000000e+01 3.018602135670944e-04

5.000000000000000e+01 2.515501779667202e-05

5.000000000000000e+01 4.376973096694488e-03

5.000000000000000e+01 9.407976656140691e-03

5.000000000000000e+01 1.082923516168611e-02

5.000000000000000e+01 8.049605695097340e-03

5.000000000000000e+01 1.182285836467386e-03

5.000000000000000e+01 5.659879004375590e-04

5.000000000000000e+01 1.748273736903882e-03

5.000000000000000e+01 2.515501779829443e-05

5.000000000000000e+01 9.055806406958757e-04

5.000000000000000e+01 6.137824342513684e-03

5.000000000000000e+01 8.552706051047626e-03

5.000000000000000e+01 2.829939502186246e-03

5.000000000000000e+01 0.000000000000000e+00

5.000000000000000e+01 2.251374092828689e-03

5.000000000000000e+01 9.345089111632794e-03

5.000000000000000e+01 1.477857295583684e-02

5.000000000000000e+01 1.297998918335476e-02

5.000000000000000e+01 6.288754449306087e-03

5.000000000000000e+01 3.773252669608965e-05

5.000000000000000e+01 2.515501779613128e-05

5.000000000000000e+01 4.678833310268585e-03

5.000000000000000e+01 7.320110178973875e-03

5.000000000000000e+01 3.043757153473654e-03

5.000000000000000e+01 0.000000000000000e+00

5.000000000000000e+01 1.131975800871874e-04

5.000000000000000e+01 2.012401423773265e-03

5.000000000000000e+01 1.697963701310533e-03

5.000000000000000e+01 0.000000000000000e+00

5.000000000000000e+01 1.006200711899328e-04

5.000000000000000e+01 7.798055517132162e-03

5.000000000000000e+01 1.796068270719469e-02

5.000000000000000e+01 1.589797124779597e-02

5.000000000000000e+01 5.257398719584907e-03

5.000000000000000e+01 1.131975800855648e-04

5.000000000000000e+01 1.760851245807086e-03

5.000000000000000e+01 8.779101211224188e-03

5.000000000000000e+01 1.066572754601305e-02

5.000000000000000e+01 4.792030890348706e-03

5.000000000000000e+01 1.131975800850240e-04

5.000000000000000e+01 7.043404983257459e-04

5.000000000000000e+01 5.823386620050467e-03

5.000000000000000e+01 6.829587331937724e-03

5.000000000000000e+01 2.075288968264957e-03

5.000000000000000e+01 9.810456940940108e-04

5.000000000000000e+01 4.251198007726311e-03

5.000000000000000e+01 3.156954733554354e-03

5.000000000000000e+01 8.804256228997437e-05

5.000000000000000e+01 4.276353025531585e-04

5.000000000000000e+01 3.584590036102133e-03

5.000000000000000e+01 1.836316299190614e-03

5.000000000000000e+01 0.000000000000000e+00

5.000000000000000e+01 8.552706051057768e-04

5.000000000000000e+01 3.169532242448902e-03

5.000000000000000e+01 8.552706051046966e-04

5.000000000000000e+01 5.282553737355188e-04

5.000000000000000e+01 5.144201139525884e-03

5.000000000000000e+01 4.615945765789885e-03

5.000000000000000e+01 5.031003559404694e-04

5.000000000000000e+01 1.836316299197097e-03

5.000000000000000e+01 6.339064484902706e-03

5.000000000000000e+01 7.282377652290173e-03

5.000000000000000e+01 1.886626334792069e-03

5.000000000000000e+01 6.791854805177164e-04

5.000000000000000e+01 2.553234306414190e-03

5.000000000000000e+01 8.804256228997441e-05

5.000000000000000e+01 0.000000000000000e+00

5.000000000000000e+01 1.987246405977144e-03

5.000000000000000e+01 4.200887972128671e-03

5.000000000000000e+01 1.157130818675045e-03

5.000000000000000e+01 0.000000000000000e+00

5.000000000000000e+01 1.609921139011368e-03

5.000000000000000e+01 5.269976228498914e-03

5.000000000000000e+01 2.213641566148287e-03

5.000000000000000e+01 1.760851245777858e-04

5.000000000000000e+01 4.288930534415356e-03

5.000000000000000e+01 6.666079716242600e-03

5.000000000000000e+01 3.031179644549337e-03

5.000000000000000e+01 1.257750889839005e-04

5.000000000000000e+01 0.000000000000000e+00

5.000000000000000e+01 1.182285836456029e-03

5.000000000000000e+01 3.974492811946206e-03

5.000000000000000e+01 7.672280428131012e-04

5.000000000000000e+01 1.383525978833187e-04

5.000000000000000e+01 3.496547473805661e-03

5.000000000000000e+01 6.779277296340138e-03

5.000000000000000e+01 3.622322562798219e-03

5.000000000000000e+01 6.288754449276176e-05

5.000000000000000e+01 6.666079716210025e-04

5.000000000000000e+01 9.433131673973761e-04

5.000000000000000e+01 8.301155873074826e-04

5.000000000000000e+01 4.427283132305685e-03

5.000000000000000e+01 4.427283132306766e-03

5.000000000000000e+01 7.294955161207949e-04

5.000000000000000e+01 4.653678292487060e-04

5.000000000000000e+01 2.502924270819220e-03

5.000000000000000e+01 7.420730250137232e-04

5.000000000000000e+01 2.515501779829444e-05

5.000000000000000e+01 1.572188612325009e-03

5.000000000000000e+01 7.672280428152635e-04

5.000000000000000e+01 7.672280428136421e-04

5.000000000000000e+01 4.062535374250237e-03

5.000000000000000e+01 6.162979360316834e-03

5.000000000000000e+01 4.049957865345949e-03

5.000000000000000e+01 4.779453381443380e-04

5.000000000000000e+01 3.395927402539897e-04

5.000000000000000e+01 1.184801338244633e-02

5.000000000000000e+01 1.260266391639266e-02

5.000000000000000e+01 6.829587331942034e-03

5.000000000000000e+01 1.760851245777852e-04

5.000000000000000e+01 5.031003559377658e-04

5.000000000000000e+01 2.855094519974805e-03

5.000000000000000e+01 1.207440854264064e-03

5.000000000000000e+01 1.257750889887680e-05

5.000000000000000e+01 2.276529110640500e-03

5.000000000000000e+01 7.433307759063213e-03

5.000000000000000e+01 9.269624058262291e-03

5.000000000000000e+01 3.961915303053290e-03

5.000000000000000e+01 1.257750889844416e-04

5.000000000000000e+01 0.000000000000000e+00

5.000000000000000e+01 1.786006263606457e-03

5.000000000000000e+01 2.993447117862996e-03

5.000000000000000e+01 3.395927402550719e-04
