
5.000000000000000e+01 4.170715905403823e-03

5.000000000000000e+01 4.805096641849806e-03

5.000000000000000e+01 2.645502645530442e-03

5.000000000000000e+01 1.781665046976586e-03

5.000000000000000e+01 4.008746355677371e-03

5.000000000000000e+01 3.806284418516185e-03

5.000000000000000e+01 3.941259043282968e-03

5.000000000000000e+01 1.039304610737718e-03

5.000000000000000e+01 4.292193067710291e-03

5.000000000000000e+01 6.762228700982672e-03

5.000000000000000e+01 7.329122125017400e-03

5.000000000000000e+01 1.348396501460145e-02

5.000000000000000e+01 1.241766547897172e-03

5.000000000000000e+01 1.109491415613494e-02

5.000000000000000e+01 2.375553395948205e-03

5.000000000000000e+01 5.115538278811825e-03

5.000000000000000e+01 4.778101716862906e-03

5.000000000000000e+01 1.754670122020855e-03

5.000000000000000e+01 1.403736097611692e-03

5.000000000000000e+01 3.954756505784609e-03

5.000000000000000e+01 3.131411294693273e-03

5.000000000000000e+01 8.368426735895960e-04

5.000000000000000e+01 2.901954432581463e-03

5.000000000000000e+01 4.791599179351611e-03

5.000000000000000e+01 5.129035741270925e-04

5.000000000000000e+01 2.498380304503055e-02

5.000000000000000e+01 1.835654896881242e-03

5.000000000000000e+01 4.035741280630255e-03

5.000000000000000e+01 1.222870100421404e-02

5.000000000000000e+01 2.038116834033333e-03

5.000000000000000e+01 6.883705863245884e-04

5.000000000000000e+01 9.974624770544950e-03

5.000000000000000e+01 1.606198034762085e-03

5.000000000000000e+01 4.548644854762493e-03

5.000000000000000e+01 1.390238635133828e-03

5.000000000000000e+01 2.227081308717752e-03

5.000000000000000e+01 1.552208184858821e-02

5.000000000000000e+01 1.565705647334153e-03

5.000000000000000e+01 1.511715797430069e-03

5.000000000000000e+01 3.144908757142815e-03

5.000000000000000e+01 6.748731238506896e-04

5.000000000000000e+01 4.859086491734129e-03

5.000000000000000e+01 2.443040708351114e-03

5.000000000000000e+01 8.705863297700817e-03

5.000000000000000e+01 7.423604362411462e-04

5.000000000000000e+01 4.278695605249978e-03

5.000000000000000e+01 5.264010366009876e-04

5.000000000000000e+01 2.632005183021396e-03

5.000000000000000e+01 5.533959615663536e-04

5.000000000000000e+01 1.997624446613901e-03

5.000000000000000e+01 7.288629737587484e-04

5.000000000000000e+01 1.093294460636135e-03

5.000000000000000e+01 1.672335600911034e-02

5.000000000000000e+01 5.668934240413831e-04

5.000000000000000e+01 7.207644962767003e-03

5.000000000000000e+01 4.548644854762227e-02

5.000000000000000e+01 3.711802181200600e-03

5.000000000000000e+01 1.187776697974948e-03

5.000000000000000e+01 7.815030774216468e-03

5.000000000000000e+01 4.386675305044558e-03

5.000000000000000e+01 1.174279235508985e-03

5.000000000000000e+01 2.132599071379501e-03

5.000000000000000e+01 1.700680272100896e-03

5.000000000000000e+01 2.537522945700107e-03

5.000000000000000e+01 7.828528236676714e-03

5.000000000000000e+01 2.982939207442421e-03

5.000000000000000e+01 1.768167584497015e-03

5.000000000000000e+01 2.186588921276810e-03

5.000000000000000e+01 1.943634596695079e-03

5.000000000000000e+01 1.538710722383541e-03

5.000000000000000e+01 7.558578987161735e-04

5.000000000000000e+01 6.478781989034642e-04

5.000000000000000e+01 1.808659971924934e-03

5.000000000000000e+01 3.050426519819844e-03

5.000000000000000e+01 2.254076233671208e-03

5.000000000000000e+01 1.403736097624165e-03

5.000000000000000e+01 2.928949357519658e-03

5.000000000000000e+01 1.282258935320553e-03

5.000000000000000e+01 5.817406327591603e-03

5.000000000000000e+01 1.687182809635513e-03

5.000000000000000e+01 2.375553395948206e-03

5.000000000000000e+01 7.963502861455474e-03

5.000000000000000e+01 3.806284418526392e-03

5.000000000000000e+01 9.367238959108267e-03

5.000000000000000e+01 2.281071158624667e-03

5.000000000000000e+01 4.184213367895307e-03

5.000000000000000e+01 1.073048266924414e-02

5.000000000000000e+01 8.435914048145934e-03

5.000000000000000e+01 7.963502861412652e-04

5.000000000000000e+01 5.965878414859007e-03

5.000000000000000e+01 3.360868156790915e-03

5.000000000000000e+01 6.087355577142834e-03

5.000000000000000e+01 5.129035741299262e-04

5.000000000000000e+01 2.578015333102002e-03

5.000000000000000e+01 1.390238635139505e-03

5.000000000000000e+01 2.874959507594621e-03

5.000000000000000e+01 4.562142317268155e-03

5.000000000000000e+01 4.454162617412943e-03

5.000000000000000e+01 9.043299859623606e-03

5.000000000000000e+01 1.241766547884698e-03

5.000000000000000e+01 4.589137242139355e-04

5.000000000000000e+01 9.758665370915704e-03

5.000000000000000e+01 1.106791923120799e-03

5.000000000000000e+01 8.098477486202628e-04

5.000000000000000e+01 7.558578987048358e-04

5.000000000000000e+01 7.693553611951710e-04

5.000000000000000e+01 5.803908865119313e-03

5.000000000000000e+01 1.120289385595258e-03

5.000000000000000e+01 8.638375985339830e-04

5.000000000000000e+01 6.883705863286357e-03

5.000000000000000e+01 1.160781773028854e-03

5.000000000000000e+01 2.159593996299538e-04

5.000000000000000e+01 1.741172659531648e-03

5.000000000000000e+01 2.739984882831277e-03

5.000000000000000e+01 8.908325234846087e-04

5.000000000000000e+01 3.374365619205268e-04

5.000000000000000e+01 5.129035741253922e-04

5.000000000000000e+01 7.153655112967555e-04

5.000000000000000e+01 3.698304718709735e-03

5.000000000000000e+01 1.903142209263191e-03

5.000000000000000e+01 4.089731130558160e-03

5.000000000000000e+01 2.699492495368757e-04

5.000000000000000e+01 3.185401144588281e-03

5.000000000000000e+01 9.056797322077604e-03

5.000000000000000e+01 1.997624446608230e-03

5.000000000000000e+01 1.444228485035079e-03

5.000000000000000e+01 1.359194471446839e-02

5.000000000000000e+01 1.511715797423833e-03

5.000000000000000e+01 2.389050858445319e-03

5.000000000000000e+01 3.792786956030992e-03

5.000000000000000e+01 5.938883489869078e-04

5.000000000000000e+01 1.127038116830579e-02

5.000000000000000e+01 3.104416369721691e-04

5.000000000000000e+01 6.694741388606436e-03

5.000000000000000e+01 2.847964582654752e-03

5.000000000000000e+01 2.389050858440215e-03

5.000000000000000e+01 4.724111866952011e-04

5.000000000000000e+01 3.306878306853974e-03

5.000000000000000e+01 1.106791923112856e-03

5.000000000000000e+01 1.249865025376743e-02

5.000000000000000e+01 5.075045891361251e-03

5.000000000000000e+01 7.612568837092720e-03

5.000000000000000e+01 9.407731346510158e-03

5.000000000000000e+01 3.914264118370854e-04

5.000000000000000e+01 1.349746247701935e-03

5.000000000000000e+01 7.383111974948059e-03

5.000000000000000e+01 1.025807148256446e-03

5.000000000000000e+01 4.049238743138155e-04

5.000000000000000e+01 6.127847964618925e-03

5.000000000000000e+01 2.389050858428336e-03

5.000000000000000e+01 1.970629521656480e-03

5.000000000000000e+01 4.589137242133666e-04

5.000000000000000e+01 1.268761472841561e-03

5.000000000000000e+01 1.814058956920658e-02

5.000000000000000e+01 1.106791923123064e-03

5.000000000000000e+01 1.444228485042448e-03

5.000000000000000e+01 2.497030558261993e-03

5.000000000000000e+01 2.348558471019079e-03

5.000000000000000e+01 6.343807364199327e-04

5.000000000000000e+01 2.699492495357417e-04

5.000000000000000e+01 1.012309685786527e-03

5.000000000000000e+01 3.252888456985028e-03

5.000000000000000e+01 2.119101608909578e-03

5.000000000000000e+01 1.849152359351165e-03

5.000000000000000e+01 5.398984990839540e-04

5.000000000000000e+01 3.401360544213161e-03

5.000000000000000e+01 7.018680488154882e-04

5.000000000000000e+01 8.098477486247926e-04

5.000000000000000e+01 1.268761472842122e-03

5.000000000000000e+01 2.092106683945360e-03

5.000000000000000e+01 1.187776697978860e-02

5.000000000000000e+01 5.169528128704582e-03

5.000000000000000e+01 1.093294460647477e-03

5.000000000000000e+01 3.968253968239804e-03

5.000000000000000e+01 3.414858006715937e-03

5.000000000000000e+01 2.348558470993039e-03

5.000000000000000e+01 2.294568621095182e-04

5.000000000000000e+01 5.641939315403213e-03

5.000000000000000e+01 4.994061116503676e-03

5.000000000000000e+01 1.889644746786451e-03

5.000000000000000e+01 2.578015333120105e-03

5.000000000000000e+01 3.104416369664999e-04

5.000000000000000e+01 6.073858114660872e-03

5.000000000000000e+01 2.942446819986773e-03

5.000000000000000e+01 2.996436669889729e-03

5.000000000000000e+01 2.416045783408414e-03

5.000000000000000e+01 1.602148796025933e-02

5.000000000000000e+01 1.835654896886903e-03

5.000000000000000e+01 3.576827556424791e-03

5.000000000000000e+01 1.984126984134341e-03

5.000000000000000e+01 2.128549832628394e-02

5.000000000000000e+01 1.444228485044720e-03

5.000000000000000e+01 6.613756613784948e-04

5.000000000000000e+01 5.965878414859608e-03

5.000000000000000e+01 1.052802073205937e-03

5.000000000000000e+01 1.295756397797860e-03

5.000000000000000e+01 9.583198358699645e-04

5.000000000000000e+01 2.059712773996233e-02

5.000000000000000e+01 4.737609329446378e-03

5.000000000000000e+01 1.700680272104301e-03

5.000000000000000e+01 1.970629521649675e-03

5.000000000000000e+01 2.739984882827309e-03

5.000000000000000e+01 2.659000107983320e-03

5.000000000000000e+01 3.034229564841961e-02

5.000000000000000e+01 1.768167584510058e-03

5.000000000000000e+01 3.225893532018477e-03

5.000000000000000e+01 9.853147608217222e-04

5.000000000000000e+01 5.439477378251080e-03

5.000000000000000e+01 9.988122233126236e-04

5.000000000000000e+01 6.627254076224471e-03

5.000000000000000e+01 3.779289493507179e-04

5.000000000000000e+01 5.007558578978753e-03

5.000000000000000e+01 1.174279235506153e-03

5.000000000000000e+01 9.664183133584223e-03

5.000000000000000e+01 2.105604146431711e-03

5.000000000000000e+01 6.046863189710275e-03

5.000000000000000e+01 2.632005183041769e-03

5.000000000000000e+01 3.036929057326137e-03

5.000000000000000e+01 2.335061008536689e-03

5.000000000000000e+01 7.018680488183227e-04

5.000000000000000e+01 1.052802073218415e-03

5.000000000000000e+01 4.832091566766437e-03

5.000000000000000e+01 9.448223734108119e-05

5.000000000000000e+01 3.104416369750025e-04

5.000000000000000e+01 1.380790411403028e-02

5.000000000000000e+01 4.292193067711389e-03

5.000000000000000e+01 4.508152467366845e-03

5.000000000000000e+01 3.495842781544589e-03

5.000000000000000e+01 2.497030558247839e-03

5.000000000000000e+01 7.113162725403811e-03

5.000000000000000e+01 5.655436777877199e-03

5.000000000000000e+01 1.012309685774616e-03

5.000000000000000e+01 2.159593996330126e-03

5.000000000000000e+01 3.198898607071810e-03

5.000000000000000e+01 1.862649821837532e-03

5.000000000000000e+01 7.801533311725642e-03

5.000000000000000e+01 3.374365619301640e-04

5.000000000000000e+01 5.668934240323116e-04

5.000000000000000e+01 1.552208184861969e-03

5.000000000000000e+01 2.011121909071367e-03

5.000000000000000e+01 1.538710722384107e-03

5.000000000000000e+01 1.187776697980044e-03

5.000000000000000e+01 7.288629737628537e-03

5.000000000000000e+01 7.963502861452292e-04

5.000000000000000e+01 4.548644854755686e-03

5.000000000000000e+01 2.928949357530413e-03

5.000000000000000e+01 1.322751322750754e-03

5.000000000000000e+01 8.098477486208262e-04

5.000000000000000e+01 3.684807256238651e-03

5.000000000000000e+01 1.579203109826773e-03

5.000000000000000e+01 2.969441744946461e-03

5.000000000000000e+01 3.252888456982123e-03

5.000000000000000e+01 9.853147608205888e-04

5.000000000000000e+01 9.718172983478309e-04

5.000000000000000e+01 1.633192959734820e-03

5.000000000000000e+01 9.988122232978884e-04

5.000000000000000e+01 8.908325234817773e-04

5.000000000000000e+01 2.618507720533903e-03

5.000000000000000e+01 1.822157434407918e-03

5.000000000000000e+01 6.613756613824631e-04
