
5.000000000000000e+01 2.996436669907845e-03

5.000000000000000e+01 4.953568729094482e-03

5.000000000000000e+01 3.576827556413500e-03

5.000000000000000e+01 3.333873231830644e-03

5.000000000000000e+01 3.117913832211464e-03

5.000000000000000e+01 4.116726055490094e-03

5.000000000000000e+01 3.212396069533819e-03

5.000000000000000e+01 5.007558578990111e-03

5.000000000000000e+01 3.495842781548571e-03

5.000000000000000e+01 3.158406219621243e-03

5.000000000000000e+01 4.427167692497432e-03

5.000000000000000e+01 3.792786956066095e-03

5.000000000000000e+01 5.547457078064994e-03

5.000000000000000e+01 3.104416369721116e-03

5.000000000000000e+01 4.292193067707436e-03

5.000000000000000e+01 4.724111866971927e-03

5.000000000000000e+01 2.874959507612729e-03

5.000000000000000e+01 4.130223517989506e-03

5.000000000000000e+01 3.833279343486669e-03

5.000000000000000e+01 2.429543245864751e-03

5.000000000000000e+01 3.657812331271044e-03

5.000000000000000e+01 2.874959507610465e-03

5.000000000000000e+01 4.697116942009407e-03

5.000000000000000e+01 4.008746355690426e-03

5.000000000000000e+01 3.927761580824936e-03

5.000000000000000e+01 3.279883381939006e-03

5.000000000000000e+01 4.116726055519540e-03

5.000000000000000e+01 3.900766655853323e-03

5.000000000000000e+01 3.482345319088833e-03

5.000000000000000e+01 4.332685455126838e-03

5.000000000000000e+01 3.077421444764834e-03

5.000000000000000e+01 4.494655004846504e-03

5.000000000000000e+01 4.211208292827780e-03

5.000000000000000e+01 3.684807256240365e-03

5.000000000000000e+01 5.250512903556463e-03

5.000000000000000e+01 4.913076341647864e-03

5.000000000000000e+01 2.861462045122972e-03

5.000000000000000e+01 3.617319943837440e-03

5.000000000000000e+01 3.995248893208586e-03

5.000000000000000e+01 3.698304718718783e-03

5.000000000000000e+01 2.996436669896511e-03

5.000000000000000e+01 3.266385919439046e-03

5.000000000000000e+01 3.090918907234757e-03

5.000000000000000e+01 4.035741280660319e-03

5.000000000000000e+01 3.171903682105920e-03

5.000000000000000e+01 3.752294568626859e-03

5.000000000000000e+01 3.833279343484403e-03

5.000000000000000e+01 3.941259043316383e-03

5.000000000000000e+01 5.115538278790885e-03

5.000000000000000e+01 3.792786956061577e-03

5.000000000000000e+01 4.184213367888493e-03

5.000000000000000e+01 4.373177842570700e-03

5.000000000000000e+01 4.116726055512193e-03

5.000000000000000e+01 3.077421444767098e-03

5.000000000000000e+01 3.603822481386223e-03

5.000000000000000e+01 9.137782096987975e-03

5.000000000000000e+01 4.049238743135911e-03

5.000000000000000e+01 4.008746355678501e-03

5.000000000000000e+01 3.252888456968551e-03

5.000000000000000e+01 3.522837706500889e-03

5.000000000000000e+01 4.089731130557605e-03

5.000000000000000e+01 4.265198142747764e-03

5.000000000000000e+01 3.927761580813592e-03

5.000000000000000e+01 3.684807256231866e-03

5.000000000000000e+01 4.089731130559315e-03

5.000000000000000e+01 4.643127092115444e-03

5.000000000000000e+01 3.900766655867507e-03

5.000000000000000e+01 4.643127092106953e-03

5.000000000000000e+01 3.968253968255692e-03

5.000000000000000e+01 3.873771730916869e-03

5.000000000000000e+01 3.293380844414056e-03

5.000000000000000e+01 5.142533203739798e-03

5.000000000000000e+01 2.915451895034990e-03

5.000000000000000e+01 4.872583954227876e-03

5.000000000000000e+01 2.712989957889705e-03

5.000000000000000e+01 3.239390994486148e-03

5.000000000000000e+01 5.344995140915740e-03

5.000000000000000e+01 3.981751430727887e-03

5.000000000000000e+01 3.684807256231866e-03

5.000000000000000e+01 4.494655004858968e-03

5.000000000000000e+01 5.520462153100714e-03

5.000000000000000e+01 4.683619479536062e-03

5.000000000000000e+01 3.171903682102515e-03

5.000000000000000e+01 4.697116942034917e-03

5.000000000000000e+01 3.549832631453796e-03

5.000000000000000e+01 3.468847856610400e-03

5.000000000000000e+01 5.142533203755134e-03

5.000000000000000e+01 3.630817406327785e-03

5.000000000000000e+01 3.576827556416882e-03

5.000000000000000e+01 5.452974840730733e-03

5.000000000000000e+01 3.981751430719376e-03

5.000000000000000e+01 3.981751430734110e-03

5.000000000000000e+01 4.494655004847662e-03

5.000000000000000e+01 3.806284418518488e-03

5.000000000000000e+01 3.050426519805697e-03

5.000000000000000e+01 4.103228593011095e-03

5.000000000000000e+01 5.169528128714775e-03

5.000000000000000e+01 3.657812331288599e-03

5.000000000000000e+01 4.737609329436199e-03

5.000000000000000e+01 3.833279343467954e-03

5.000000000000000e+01 3.212396069533260e-03

5.000000000000000e+01 3.738797106150112e-03

5.000000000000000e+01 3.225893532020761e-03

5.000000000000000e+01 4.562142317231881e-03

5.000000000000000e+01 4.791599179348193e-03

5.000000000000000e+01 3.725299643666021e-03

5.000000000000000e+01 3.239390994482199e-03

5.000000000000000e+01 3.846776805978147e-03

5.000000000000000e+01 4.049238743126846e-03

5.000000000000000e+01 2.982939207419203e-03

5.000000000000000e+01 2.618507720541807e-03

5.000000000000000e+01 3.846776805963976e-03

5.000000000000000e+01 3.711802181189871e-03

5.000000000000000e+01 2.497030558246692e-03

5.000000000000000e+01 4.845589029254574e-03

5.000000000000000e+01 4.143720980443528e-03

5.000000000000000e+01 4.386675305033781e-03

5.000000000000000e+01 3.198898607072408e-03

5.000000000000000e+01 4.265198142738668e-03

5.000000000000000e+01 3.131411294671171e-03

5.000000000000000e+01 4.494655004884497e-03

5.000000000000000e+01 3.725299643678488e-03

5.000000000000000e+01 2.942446819990150e-03

5.000000000000000e+01 3.657812331275011e-03

5.000000000000000e+01 3.158406219633705e-03

5.000000000000000e+01 5.344995140902701e-03

5.000000000000000e+01 4.265198142752268e-03

5.000000000000000e+01 3.644314868791475e-03

5.000000000000000e+01 3.914264118340251e-03

5.000000000000000e+01 3.347370694297754e-03

5.000000000000000e+01 4.413670230008230e-03

5.000000000000000e+01 4.332685455156898e-03

5.000000000000000e+01 2.119101608894267e-03

5.000000000000000e+01 5.277507828528137e-03

5.000000000000000e+01 4.940071266625669e-03

5.000000000000000e+01 4.481157542378284e-03

5.000000000000000e+01 2.874959507611022e-03

5.000000000000000e+01 3.441852931639388e-03

5.000000000000000e+01 2.618507720539544e-03

5.000000000000000e+01 4.589137242198970e-03

5.000000000000000e+01 4.575639779730124e-03

5.000000000000000e+01 4.022243818190369e-03

5.000000000000000e+01 3.131411294671180e-03

5.000000000000000e+01 5.493467228156371e-03

5.000000000000000e+01 3.941259043301645e-03

5.000000000000000e+01 3.468847856595116e-03

5.000000000000000e+01 3.414858006703485e-03

5.000000000000000e+01 2.470035633290403e-03

5.000000000000000e+01 3.495842781563868e-03

5.000000000000000e+01 3.684807256223936e-03

5.000000000000000e+01 3.239390994494108e-03

5.000000000000000e+01 4.764604254414051e-03

5.000000000000000e+01 3.374365619261965e-03

5.000000000000000e+01 4.211208292855567e-03

5.000000000000000e+01 2.753482345332358e-03

5.000000000000000e+01 3.131411294668332e-03

5.000000000000000e+01 4.629629629646708e-03

5.000000000000000e+01 3.320375769360724e-03

5.000000000000000e+01 2.996436669897641e-03

5.000000000000000e+01 3.738797106140501e-03

5.000000000000000e+01 4.130223517970802e-03

5.000000000000000e+01 4.562142317240375e-03

5.000000000000000e+01 3.657812331286894e-03

5.000000000000000e+01 3.252888456966281e-03

5.000000000000000e+01 3.576827556419159e-03

5.000000000000000e+01 3.239390994490702e-03

5.000000000000000e+01 4.805096641847585e-03

5.000000000000000e+01 2.901954432559378e-03

5.000000000000000e+01 2.861462045139413e-03

5.000000000000000e+01 2.901954432565051e-03

5.000000000000000e+01 3.333873231822713e-03

5.000000000000000e+01 5.709426627804497e-03

5.000000000000000e+01 2.942446820000903e-03

5.000000000000000e+01 3.414858006686502e-03

5.000000000000000e+01 3.590325018910614e-03

5.000000000000000e+01 3.360868156784097e-03

5.000000000000000e+01 2.632005183011171e-03

5.000000000000000e+01 3.401360544216554e-03

5.000000000000000e+01 4.845589029267037e-03

5.000000000000000e+01 3.468847856615502e-03

5.000000000000000e+01 3.522837706519027e-03

5.000000000000000e+01 4.940071266590002e-03

5.000000000000000e+01 2.483533095777346e-03

5.000000000000000e+01 2.672497570462349e-03

5.000000000000000e+01 3.293380844393074e-03

5.000000000000000e+01 4.845589029265289e-03

5.000000000000000e+01 4.089731130545692e-03

5.000000000000000e+01 3.684807256251124e-03

5.000000000000000e+01 4.737609329439608e-03

5.000000000000000e+01 4.413670230000289e-03

5.000000000000000e+01 3.752294568613811e-03

5.000000000000000e+01 3.347370694322106e-03

5.000000000000000e+01 2.915451895054256e-03

5.000000000000000e+01 3.212396069550851e-03

5.000000000000000e+01 2.375553395961225e-03

5.000000000000000e+01 5.142533203755154e-03

5.000000000000000e+01 4.751106791916842e-03

5.000000000000000e+01 3.401360544221658e-03

5.000000000000000e+01 2.645502645504903e-03

5.000000000000000e+01 4.521649929797704e-03

5.000000000000000e+01 4.211208292836838e-03

5.000000000000000e+01 3.468847856601915e-03

5.000000000000000e+01 3.117913832198432e-03

5.000000000000000e+01 4.818594104307943e-03

5.000000000000000e+01 3.698304718721626e-03

5.000000000000000e+01 4.278695605221636e-03

5.000000000000000e+01 4.751106791910643e-03

5.000000000000000e+01 2.645502645489039e-03

5.000000000000000e+01 5.452974840715977e-03

5.000000000000000e+01 3.968253968255111e-03

5.000000000000000e+01 4.859086491741437e-03

5.000000000000000e+01 3.549832631465137e-03

5.000000000000000e+01 4.049238743116638e-03

5.000000000000000e+01 4.481157542384507e-03

5.000000000000000e+01 3.792786956058736e-03

5.000000000000000e+01 3.090918907243832e-03

5.000000000000000e+01 3.387863081740955e-03

5.000000000000000e+01 4.373177842565573e-03

5.000000000000000e+01 3.792786956050252e-03

5.000000000000000e+01 2.820969657713178e-03

5.000000000000000e+01 3.144908757146200e-03

5.000000000000000e+01 3.036929057329526e-03

5.000000000000000e+01 2.955944282467451e-03

5.000000000000000e+01 3.306878306874342e-03

5.000000000000000e+01 4.103228593033216e-03

5.000000000000000e+01 2.456538170825018e-03

5.000000000000000e+01 3.131411294699535e-03

5.000000000000000e+01 3.320375769354476e-03

5.000000000000000e+01 3.374365619268762e-03

5.000000000000000e+01 4.940071266602457e-03

5.000000000000000e+01 4.548644854773275e-03

5.000000000000000e+01 3.873771730905527e-03

5.000000000000000e+01 3.644314868789781e-03

5.000000000000000e+01 4.386675305032048e-03

5.000000000000000e+01 5.223517978623459e-03

5.000000000000000e+01 4.143720980465103e-03

5.000000000000000e+01 3.104416369713180e-03

5.000000000000000e+01 3.792786956057621e-03

5.000000000000000e+01 3.225893532012825e-03

5.000000000000000e+01 4.535147392279540e-03

5.000000000000000e+01 2.901954432557113e-03

5.000000000000000e+01 2.861462045128058e-03

5.000000000000000e+01 3.374365619268186e-03

5.000000000000000e+01 3.684807256249994e-03

5.000000000000000e+01 4.400172767534895e-03

5.000000000000000e+01 4.494655004858437e-03

5.000000000000000e+01 4.292193067711414e-03

5.000000000000000e+01 3.144908757160381e-03

5.000000000000000e+01 4.683619479528661e-03

5.000000000000000e+01 4.332685455129138e-03

5.000000000000000e+01 3.968253968265886e-03

5.000000000000000e+01 2.780477270268240e-03

5.000000000000000e+01 3.468847856596822e-03

5.000000000000000e+01 3.873771730917432e-03

5.000000000000000e+01 3.819781881019573e-03

5.000000000000000e+01 4.764604254403828e-03

5.000000000000000e+01 2.618507720547481e-03

5.000000000000000e+01 5.088543353835172e-03

5.000000000000000e+01 3.590325018911194e-03

5.000000000000000e+01 3.063923982287517e-03
