
5.000000000000000e+01 1.565705647327920e-03

5.000000000000000e+01 2.244628009931602e-02

5.000000000000000e+01 1.633192959719515e-03

5.000000000000000e+01 2.955944282471991e-03

5.000000000000000e+01 7.423604362366971e-03

5.000000000000000e+01 1.363243710178673e-03

5.000000000000000e+01 7.437101824858959e-03

5.000000000000000e+01 3.468847856603618e-03

5.000000000000000e+01 4.062736205613214e-03

5.000000000000000e+01 4.062736205582052e-03

5.000000000000000e+01 3.549832631465695e-03

5.000000000000000e+01 2.955944282470850e-03

5.000000000000000e+01 2.267573696138878e-03

5.000000000000000e+01 1.136486340568984e-02

5.000000000000000e+01 3.266385919442448e-03

5.000000000000000e+01 4.184213367902089e-03

5.000000000000000e+01 4.872583954224447e-03

5.000000000000000e+01 6.397797214124127e-03

5.000000000000000e+01 1.144584818052625e-02

5.000000000000000e+01 2.982939207443582e-03

5.000000000000000e+01 1.592700572294476e-02

5.000000000000000e+01 2.065111758988492e-03

5.000000000000000e+01 5.264010366038222e-04

5.000000000000000e+01 9.583198358682666e-04

5.000000000000000e+01 2.375553395969732e-03

5.000000000000000e+01 7.018680488047170e-04

5.000000000000000e+01 1.174279235498209e-03

5.000000000000000e+01 7.734045999356143e-03

5.000000000000000e+01 6.046863189734068e-03

5.000000000000000e+01 3.576827556405564e-03

5.000000000000000e+01 6.222330201924222e-03

5.000000000000000e+01 7.693553611906375e-04

5.000000000000000e+01 5.412482453304993e-03

5.000000000000000e+01 5.034553503956017e-03

5.000000000000000e+01 3.028830579852344e-02

5.000000000000000e+01 2.591512795596853e-03

5.000000000000000e+01 4.547295108517538e-02

5.000000000000000e+01 2.526724975703537e-02

5.000000000000000e+01 1.320051830253392e-02

5.000000000000000e+01 4.994061116537664e-03

5.000000000000000e+01 7.599071374579208e-03

5.000000000000000e+01 6.883705863302544e-04

5.000000000000000e+01 9.583198358813041e-04

5.000000000000000e+01 2.605010258080951e-03

5.000000000000000e+01 5.088543353835128e-03

5.000000000000000e+01 1.363243710178110e-03

5.000000000000000e+01 1.294406651549770e-02

5.000000000000000e+01 7.504589137246061e-03

5.000000000000000e+01 1.795162509443673e-03

5.000000000000000e+01 2.186588921275087e-03

5.000000000000000e+01 1.025807148252481e-03

5.000000000000000e+01 7.693553611900695e-04

5.000000000000000e+01 1.213421876687818e-02

5.000000000000000e+01 2.429543245871555e-03

5.000000000000000e+01 5.210020516148381e-03

5.000000000000000e+01 3.657812331277850e-03

5.000000000000000e+01 3.657812331288044e-03

5.000000000000000e+01 1.390238635137802e-03

5.000000000000000e+01 4.170715905414576e-03

5.000000000000000e+01 2.456538170811976e-03

5.000000000000000e+01 1.808659971923240e-03

5.000000000000000e+01 1.228269085407968e-03

5.000000000000000e+01 3.374365619259134e-03

5.000000000000000e+01 4.413670229993509e-03

5.000000000000000e+01 1.187776697982314e-03

5.000000000000000e+01 9.583198358744999e-04

5.000000000000000e+01 1.646690422200210e-03

5.000000000000000e+01 8.098477486191276e-04

5.000000000000000e+01 1.916639671742185e-03

5.000000000000000e+01 5.223517978628536e-03

5.000000000000000e+01 1.957132059167273e-03

5.000000000000000e+01 9.313249109221724e-04

5.000000000000000e+01 3.171903682112137e-03

5.000000000000000e+01 1.911240686752588e-02

5.000000000000000e+01 8.057985098806085e-03

5.000000000000000e+01 8.651873447789454e-03

5.000000000000000e+01 5.925386027408934e-03

5.000000000000000e+01 3.252888456962879e-03

5.000000000000000e+01 1.943634596692241e-03

5.000000000000000e+01 3.239390994528661e-04

5.000000000000000e+01 8.503401360527220e-04

5.000000000000000e+01 5.911888564955405e-03

5.000000000000000e+01 6.208832739420678e-04

5.000000000000000e+01 1.754670122016322e-03

5.000000000000000e+01 1.889644746796096e-03

5.000000000000000e+01 5.264010366050238e-03

5.000000000000000e+01 5.129035741327612e-04

5.000000000000000e+01 4.994061116526291e-04

5.000000000000000e+01 1.619695497244482e-03

5.000000000000000e+01 1.889644746793827e-03

5.000000000000000e+01 2.928949357517389e-03

5.000000000000000e+01 2.969441744964585e-03

5.000000000000000e+01 2.497030558242160e-03

5.000000000000000e+01 2.861462045124674e-03

5.000000000000000e+01 6.195335276972383e-03

5.000000000000000e+01 1.361893963934270e-02

5.000000000000000e+01 7.207644962765371e-03

5.000000000000000e+01 8.773350610146843e-04

5.000000000000000e+01 9.043299859664470e-04

5.000000000000000e+01 8.665370910283698e-03

5.000000000000000e+01 2.888456970105336e-03

5.000000000000000e+01 1.457725947527123e-03

5.000000000000000e+01 1.944984342943057e-02

5.000000000000000e+01 9.745167908448080e-03

5.000000000000000e+01 9.380736421538974e-03

5.000000000000000e+01 4.575639779718822e-03

5.000000000000000e+01 9.583198358705294e-04

5.000000000000000e+01 1.592700572296695e-03

5.000000000000000e+01 1.255264010364264e-03

5.000000000000000e+01 3.941259043302778e-03

5.000000000000000e+01 1.187776697981184e-03

5.000000000000000e+01 1.876147284300651e-03

5.000000000000000e+01 4.130223517962842e-03

5.000000000000000e+01 5.264010366060912e-04

5.000000000000000e+01 3.846776805954912e-03

5.000000000000000e+01 1.889644746780787e-03

5.000000000000000e+01 3.036929057341416e-03

5.000000000000000e+01 3.644314868807909e-04

5.000000000000000e+01 1.835654896872730e-03

5.000000000000000e+01 2.024619371566245e-04

5.000000000000000e+01 6.465284526513269e-03

5.000000000000000e+01 2.456538170822740e-03

5.000000000000000e+01 9.718172983461258e-04

5.000000000000000e+01 1.457725947524343e-02

5.000000000000000e+01 5.736421552747679e-03

5.000000000000000e+01 7.396609437413428e-03

5.000000000000000e+01 5.533959615567167e-04

5.000000000000000e+01 6.411294676613282e-03

5.000000000000000e+01 3.792786956047978e-03

5.000000000000000e+01 2.429543245869277e-03

5.000000000000000e+01 1.174279235510686e-03

5.000000000000000e+01 2.173091458807432e-03

5.000000000000000e+01 1.039304610731477e-03

5.000000000000000e+01 1.754670122025970e-04

5.000000000000000e+01 3.023431594869810e-03

5.000000000000000e+01 9.178274484369383e-04

5.000000000000000e+01 5.412482453297102e-03

5.000000000000000e+01 4.035741280646157e-03

5.000000000000000e+01 1.015009178274017e-02

5.000000000000000e+01 5.776913940173937e-03

5.000000000000000e+01 1.984126984125837e-03

5.000000000000000e+01 8.570888672933038e-03

5.000000000000000e+01 1.390238635140635e-03

5.000000000000000e+01 2.051614296504388e-03

5.000000000000000e+01 6.748731238518224e-04

5.000000000000000e+01 1.662887377171371e-02

5.000000000000000e+01 2.793974732756313e-03

5.000000000000000e+01 8.908325234897122e-04

5.000000000000000e+01 9.920634920658561e-03

5.000000000000000e+01 3.266385919447560e-03

5.000000000000000e+01 5.614944390456612e-03

5.000000000000000e+01 3.239390994494655e-04

5.000000000000000e+01 2.969441744897689e-04

5.000000000000000e+01 6.289817514311283e-03

5.000000000000000e+01 4.751106791914057e-03

5.000000000000000e+01 2.834467120153067e-04

5.000000000000000e+01 7.423604362360432e-04

5.000000000000000e+01 2.537522945685961e-03

5.000000000000000e+01 2.753482345317608e-03

5.000000000000000e+01 6.073858114659053e-04

5.000000000000000e+01 1.471223410014063e-03

5.000000000000000e+01 1.534661483644246e-02

5.000000000000000e+01 1.849152359355131e-03

5.000000000000000e+01 1.970629521642865e-03

5.000000000000000e+01 1.417233560100340e-03

5.000000000000000e+01 7.288629737601309e-03

5.000000000000000e+01 9.448223733903971e-04

5.000000000000000e+01 3.941259043292010e-03

5.000000000000000e+01 2.443040708341479e-03

5.000000000000000e+01 2.389050858444183e-03

5.000000000000000e+01 1.241766547890370e-03

5.000000000000000e+01 3.617319943864090e-03

5.000000000000000e+01 3.549832631469092e-03

5.000000000000000e+01 1.660187884674104e-03

5.000000000000000e+01 1.241766547884134e-03

5.000000000000000e+01 1.214771622934074e-03

5.000000000000000e+01 2.685995032939070e-03

5.000000000000000e+01 1.093294460643501e-03

5.000000000000000e+01 5.938883489857742e-04

5.000000000000000e+01 1.579203109814294e-03

5.000000000000000e+01 5.398984990873551e-04

5.000000000000000e+01 3.779289493563866e-04

5.000000000000000e+01 2.065111758975443e-03

5.000000000000000e+01 7.963502861440975e-04

5.000000000000000e+01 1.052802073210475e-03

5.000000000000000e+01 1.984126984120734e-03

5.000000000000000e+01 2.537522945694460e-03

5.000000000000000e+01 2.335061008521966e-03

5.000000000000000e+01 1.363243710188313e-03

5.000000000000000e+01 4.953568729079687e-03

5.000000000000000e+01 7.693553611912045e-04

5.000000000000000e+01 2.267573696139439e-03

5.000000000000000e+01 3.657812331282947e-03

5.000000000000000e+01 1.268761472841561e-03

5.000000000000000e+01 7.545081524685807e-03

5.000000000000000e+01 8.503401360544192e-04

5.000000000000000e+01 5.264010366060898e-04

5.000000000000000e+01 1.700680272106002e-03

5.000000000000000e+01 5.938883489914420e-04

5.000000000000000e+01 2.618507720546348e-03

5.000000000000000e+01 9.718172983461258e-04

5.000000000000000e+01 2.389050858441918e-03

5.000000000000000e+01 2.969441744954377e-04

5.000000000000000e+01 4.656624554587102e-03

5.000000000000000e+01 4.643127092103030e-03

5.000000000000000e+01 4.683619479537752e-03

5.000000000000000e+01 2.807472195223984e-03

5.000000000000000e+01 2.092106683935713e-03

5.000000000000000e+01 9.569700896231258e-03

5.000000000000000e+01 1.120289385600932e-03

5.000000000000000e+01 1.943634596699048e-03

5.000000000000000e+01 1.268761472837026e-03

5.000000000000000e+01 4.049238743126828e-04

5.000000000000000e+01 1.849152359351729e-03

5.000000000000000e+01 4.724111867014358e-04

5.000000000000000e+01 1.511715797438016e-03

5.000000000000000e+01 3.873771730903829e-03

5.000000000000000e+01 8.503401360555558e-04

5.000000000000000e+01 1.147284310549856e-03

5.000000000000000e+01 1.633192959723482e-03

5.000000000000000e+01 1.376741172657668e-03

5.000000000000000e+01 3.819781881002585e-03

5.000000000000000e+01 3.374365619318648e-04

5.000000000000000e+01 5.668934240334469e-04

5.000000000000000e+01 1.268761472840425e-03

5.000000000000000e+01 1.565705647332461e-03

5.000000000000000e+01 1.943634596694512e-03

5.000000000000000e+01 4.602634704664339e-03

5.000000000000000e+01 2.470035633297202e-03

5.000000000000000e+01 1.214771622911404e-04

5.000000000000000e+01 3.266385919441876e-03

5.000000000000000e+01 3.779289493575209e-04

5.000000000000000e+01 3.765792031086030e-03

5.000000000000000e+01 7.558578987110720e-04

5.000000000000000e+01 2.699492495403888e-03

5.000000000000000e+01 3.293380844421420e-03

5.000000000000000e+01 3.144908757158110e-03

5.000000000000000e+01 3.104416369733020e-04

5.000000000000000e+01 1.144584818057049e-02

5.000000000000000e+01 8.773350610090154e-04

5.000000000000000e+01 8.314436885850289e-03

5.000000000000000e+01 9.043299859573738e-04

5.000000000000000e+01 3.873771730906651e-03

5.000000000000000e+01 2.928949357529855e-03

5.000000000000000e+01 1.565705647338694e-03

5.000000000000000e+01 1.552208184861399e-03

5.000000000000000e+01 8.098477486196936e-04

5.000000000000000e+01 9.313249109170693e-04

5.000000000000000e+01 1.552208184852891e-03

5.000000000000000e+01 3.239390994481045e-03

5.000000000000000e+01 6.073858114704401e-04

5.000000000000000e+01 3.779289493597882e-04

5.000000000000000e+01 1.241766547896607e-03

5.000000000000000e+01 4.251700680268186e-03

5.000000000000000e+01 5.749919015247222e-03

5.000000000000000e+01 5.925386027404391e-03

5.000000000000000e+01 1.078447251915944e-02

5.000000000000000e+01 2.294568621092897e-03

5.000000000000000e+01 1.255264010357459e-03

5.000000000000000e+01 1.876147284308025e-03
