
5.000000000000000e+01 1.187776697959641e-03

5.000000000000000e+01 3.441852931648478e-03

5.000000000000000e+01 4.022243818157553e-03

5.000000000000000e+01 4.197710830358994e-03

5.000000000000000e+01 3.941259043297702e-03

5.000000000000000e+01 3.482345319078064e-03

5.000000000000000e+01 3.104416369723355e-03

5.000000000000000e+01 2.780477270273886e-03

5.000000000000000e+01 3.239390994557013e-04

5.000000000000000e+01 4.049238743245873e-05

5.000000000000000e+01 9.043299859641752e-04

5.000000000000000e+01 2.362055933483931e-03

5.000000000000000e+01 3.536335168979892e-03

5.000000000000000e+01 2.753482345317068e-03

5.000000000000000e+01 1.295756397788781e-03

5.000000000000000e+01 1.484720872463012e-04

5.000000000000000e+01 1.162131519278566e-02

5.000000000000000e+01 6.478781988966634e-04

5.000000000000000e+01 1.687182809628134e-03

5.000000000000000e+01 1.700680272103727e-03

5.000000000000000e+01 7.423604362354770e-04

5.000000000000000e+01 2.699492495289371e-05

5.000000000000000e+01 0.000000000000000e+00

5.000000000000000e+01 6.748731238574939e-04

5.000000000000000e+01 2.537522945692764e-03

5.000000000000000e+01 4.157218442931638e-03

5.000000000000000e+01 4.170715905408931e-03

5.000000000000000e+01 3.927761580818126e-03

5.000000000000000e+01 3.225893532017359e-03

5.000000000000000e+01 1.849152359355130e-03

5.000000000000000e+01 2.024619371554909e-04

5.000000000000000e+01 0.000000000000000e+00

5.000000000000000e+01 1.039304610735449e-03

5.000000000000000e+01 2.470035633300614e-03

5.000000000000000e+01 3.887269193399840e-03

5.000000000000000e+01 4.413670230001998e-03

5.000000000000000e+01 3.900766655863534e-03

5.000000000000000e+01 2.753482345323291e-03

5.000000000000000e+01 1.120289385598097e-03

5.000000000000000e+01 8.098477486321679e-05

5.000000000000000e+01 3.185401144588872e-03

5.000000000000000e+01 4.116726055519553e-03

5.000000000000000e+01 8.773350610237555e-04

5.000000000000000e+01 7.072670337991765e-03

5.000000000000000e+01 8.638375985306437e-03

5.000000000000000e+01 9.326746571630941e-03

5.000000000000000e+01 1.025807148254770e-02

5.000000000000000e+01 1.067649281933308e-02

5.000000000000000e+01 1.074398013172136e-02

5.000000000000000e+01 1.024457402007093e-02

5.000000000000000e+01 9.218766871821556e-03

5.000000000000000e+01 7.653061224483769e-03

5.000000000000000e+01 5.398984990841391e-03

5.000000000000000e+01 1.876147284331275e-03

5.000000000000000e+01 0.000000000000000e+00

5.000000000000000e+01 2.904653925059963e-02

5.000000000000000e+01 1.278209696576164e-02

5.000000000000000e+01 0.000000000000000e+00

5.000000000000000e+01 5.129035741333282e-04

5.000000000000000e+01 2.213583846245566e-03

5.000000000000000e+01 3.428355469174557e-03

5.000000000000000e+01 3.995248893210836e-03

5.000000000000000e+01 3.968253968243217e-03

5.000000000000000e+01 2.132599071365329e-03

5.000000000000000e+01 4.184213367843109e-04

5.000000000000000e+01 2.011121909080433e-03

5.000000000000000e+01 2.024619371555461e-03

5.000000000000000e+01 0.000000000000000e+00

5.000000000000000e+01 4.859086491730648e-04

5.000000000000000e+01 1.093294460645202e-03

5.000000000000000e+01 1.079796998163936e-03

5.000000000000000e+01 2.294568621123529e-04

5.000000000000000e+01 0.000000000000000e+00

5.000000000000000e+01 4.184213367899794e-04

5.000000000000000e+01 1.228269085420443e-03

5.000000000000000e+01 1.754670122015185e-03

5.000000000000000e+01 1.363243710176972e-03

5.000000000000000e+01 2.429543245868152e-04

5.000000000000000e+01 1.619695497241656e-04

5.000000000000000e+01 1.417233560087863e-03

5.000000000000000e+01 1.943634596688272e-03

5.000000000000000e+01 2.011121909076458e-03

5.000000000000000e+01 1.781665046970914e-03

5.000000000000000e+01 4.454162617485422e-04

5.000000000000000e+01 6.384299751677324e-03

5.000000000000000e+01 3.131411294694430e-03

5.000000000000000e+01 4.049238743245869e-05

5.000000000000000e+01 1.430731022578200e-03

5.000000000000000e+01 3.509340244040599e-03

5.000000000000000e+01 3.698304718717664e-03

5.000000000000000e+01 3.522837706516764e-03

5.000000000000000e+01 3.050426519817598e-03

5.000000000000000e+01 1.795162509457283e-03

5.000000000000000e+01 0.000000000000000e+00

5.000000000000000e+01 9.448223733994697e-05

5.000000000000000e+01 8.368426735771220e-04

5.000000000000000e+01 8.908325234817761e-04

5.000000000000000e+01 4.319187992667097e-04

5.000000000000000e+01 1.349746247673035e-05

5.000000000000000e+01 1.618345750995140e-02

5.000000000000000e+01 9.313249109148019e-04

5.000000000000000e+01 8.098477486242306e-04

5.000000000000000e+01 3.497192527804840e-02

5.000000000000000e+01 9.434726271467469e-03

5.000000000000000e+01 6.924198250720514e-03

5.000000000000000e+01 1.965230536658477e-02

5.000000000000000e+01 0.000000000000000e+00

5.000000000000000e+01 1.249865025374755e-02

5.000000000000000e+01 4.265198142767036e-03

5.000000000000000e+01 4.359680380084297e-03

5.000000000000000e+01 1.349746247729719e-05

5.000000000000000e+01 6.870208400829327e-03

5.000000000000000e+01 3.833279343471380e-03

5.000000000000000e+01 0.000000000000000e+00

5.000000000000000e+01 6.883705863308227e-04

5.000000000000000e+01 2.051614296510626e-03

5.000000000000000e+01 2.699492495407867e-03

5.000000000000000e+01 2.200086383759196e-03

5.000000000000000e+01 1.228269085411937e-03

5.000000000000000e+01 1.889644746793276e-04

5.000000000000000e+01 1.349746247729724e-05

5.000000000000000e+01 6.343807364261685e-04

5.000000000000000e+01 2.402548320924889e-03

5.000000000000000e+01 4.562142317253963e-03

5.000000000000000e+01 6.519274376425373e-03

5.000000000000000e+01 7.950005398988266e-03

5.000000000000000e+01 8.435914048154526e-03

5.000000000000000e+01 8.084980023754415e-03

5.000000000000000e+01 7.315624662557599e-03

5.000000000000000e+01 6.114350502101868e-03

5.000000000000000e+01 4.656624554583713e-03

5.000000000000000e+01 2.726487420364153e-03

5.000000000000000e+01 1.039304610734312e-03

5.000000000000000e+01 6.748731238535243e-05

5.000000000000000e+01 0.000000000000000e+00

5.000000000000000e+01 1.066299535688907e-03

5.000000000000000e+01 3.954756505795406e-03

5.000000000000000e+01 5.277507828531564e-03

5.000000000000000e+01 5.223517978614437e-03

5.000000000000000e+01 4.994061116506012e-03

5.000000000000000e+01 3.684807256235835e-03

5.000000000000000e+01 1.498218334951079e-03

5.000000000000000e+01 6.748731238648639e-05

5.000000000000000e+01 4.157218442943516e-03

5.000000000000000e+01 2.254076233679729e-03

5.000000000000000e+01 5.398984990805516e-05

5.000000000000000e+01 7.423604362320729e-04

5.000000000000000e+01 1.187776697977210e-03

5.000000000000000e+01 1.336248785226349e-03

5.000000000000000e+01 7.828528236702025e-04

5.000000000000000e+01 4.049238743019105e-05

5.000000000000000e+01 1.168880250512857e-02

5.000000000000000e+01 6.667746463642794e-03

5.000000000000000e+01 3.104416369721691e-04

5.000000000000000e+01 1.282258935320557e-03

5.000000000000000e+01 1.781665046966378e-03

5.000000000000000e+01 1.471223410003288e-03

5.000000000000000e+01 8.908325234868776e-04

5.000000000000000e+01 6.748731238535258e-05

5.000000000000000e+01 2.429543245867016e-03

5.000000000000000e+01 4.751106791917976e-02

5.000000000000000e+01 2.159593996310876e-04

5.000000000000000e+01 9.988122233024264e-04

5.000000000000000e+01 1.768167584495889e-03

5.000000000000000e+01 1.390238635129863e-03

5.000000000000000e+01 7.018680488081199e-04

5.000000000000000e+01 1.349746247729729e-05

5.000000000000000e+01 2.834467120204085e-04

5.000000000000000e+01 1.079796998169609e-03

5.000000000000000e+01 1.093294460645771e-03

5.000000000000000e+01 1.619695497275670e-04

5.000000000000000e+01 6.748731238535235e-05

5.000000000000000e+01 4.859086491741981e-04

5.000000000000000e+01 5.398984990816865e-04

5.000000000000000e+01 4.049238743132499e-05

5.000000000000000e+01 6.208832739409355e-04

5.000000000000000e+01 2.753482345324395e-03

5.000000000000000e+01 4.197710830361813e-03

5.000000000000000e+01 4.508152467336289e-03

5.000000000000000e+01 3.536335168990087e-03

5.000000000000000e+01 1.862649821834129e-03

5.000000000000000e+01 5.398984990799868e-04

5.000000000000000e+01 0.000000000000000e+00

5.000000000000000e+01 1.214771622956756e-04

5.000000000000000e+01 1.349746247705346e-03

5.000000000000000e+01 3.009934132381726e-03

5.000000000000000e+01 4.548644854768167e-03

5.000000000000000e+01 4.778101716873164e-03

5.000000000000000e+01 3.779289493561615e-03

5.000000000000000e+01 2.173091458794396e-03

5.000000000000000e+01 8.233452111026596e-04

5.000000000000000e+01 0.000000000000000e+00

5.000000000000000e+01 1.220170607925777e-02

5.000000000000000e+01 5.533959615601848e-03

5.000000000000000e+01 7.234639887680784e-03

5.000000000000000e+01 4.967066191555345e-03

5.000000000000000e+01 2.564517870646797e-04

5.000000000000000e+01 1.579203109813161e-03

5.000000000000000e+01 2.645502645507180e-03

5.000000000000000e+01 2.766979807791524e-03

5.000000000000000e+01 1.984126984125836e-03

5.000000000000000e+01 3.104416369761363e-04

5.000000000000000e+01 5.398984990975592e-05

5.000000000000000e+01 4.454162617457082e-04

5.000000000000000e+01 4.994061116520627e-04

5.000000000000000e+01 6.748731238478572e-05

5.000000000000000e+01 5.371990065879971e-03

5.000000000000000e+01 2.173091458813111e-03

5.000000000000000e+01 3.185401144592846e-03

5.000000000000000e+01 3.509340244024162e-03

5.000000000000000e+01 7.612568837032074e-03

5.000000000000000e+01 4.321887485150667e-02

5.000000000000000e+01 1.133786848078232e-03

5.000000000000000e+01 7.315624662572493e-03

5.000000000000000e+01 3.873771730945766e-03

5.000000000000000e+01 3.004535147389294e-02

5.000000000000000e+01 1.093294460653713e-03

5.000000000000000e+01 3.077421444769478e-02

5.000000000000000e+01 0.000000000000000e+00

5.000000000000000e+01 8.908325234851792e-04

5.000000000000000e+01 2.820969657697866e-03

5.000000000000000e+01 3.522837706516196e-03

5.000000000000000e+01 3.293380844404409e-03

5.000000000000000e+01 2.443040708349406e-03

5.000000000000000e+01 1.471223409997619e-03

5.000000000000000e+01 2.834467120204085e-04

5.000000000000000e+01 6.748731238535260e-05

5.000000000000000e+01 3.914264118365179e-04

5.000000000000000e+01 6.748731238535249e-05

5.000000000000000e+01 1.368642695175227e-02

5.000000000000000e+01 2.955944282472558e-03

5.000000000000000e+01 9.583198358716639e-04

5.000000000000000e+01 2.001673685347414e-02

5.000000000000000e+01 3.144908757166615e-03

5.000000000000000e+01 1.243116294135818e-02

5.000000000000000e+01 0.000000000000000e+00

5.000000000000000e+01 6.019868264749506e-03

5.000000000000000e+01 1.052802073211613e-03

5.000000000000000e+01 1.700680272113936e-03

5.000000000000000e+01 1.619695497250152e-03

5.000000000000000e+01 1.349746247673042e-05

5.000000000000000e+01 2.294568621103673e-03

5.000000000000000e+01 0.000000000000000e+00

5.000000000000000e+01 9.178274484358034e-04

5.000000000000000e+01 2.564517870645092e-03

5.000000000000000e+01 3.549832631479866e-03

5.000000000000000e+01 3.779289493591678e-03

5.000000000000000e+01 2.874959507611031e-03

5.000000000000000e+01 1.592700572297262e-03

5.000000000000000e+01 2.159593996333551e-04

5.000000000000000e+01 7.396609437416888e-03

5.000000000000000e+01 1.075747759420544e-02

5.000000000000000e+01 2.901954432559951e-03

5.000000000000000e+01 4.467660079894187e-03

5.000000000000000e+01 8.759853147616235e-03

5.000000000000000e+01 9.961127308084711e-03

5.000000000000000e+01 1.163481265522557e-02

5.000000000000000e+01 6.667746463675693e-03

5.000000000000000e+01 1.066299535688908e-03

5.000000000000000e+01 1.984126984132077e-03

5.000000000000000e+01 9.043299859605497e-03
