
5.000000000000000e+01 5.102040816340202e-03

5.000000000000000e+01 5.668934240351691e-03

5.000000000000000e+01 3.104416369727352e-04

5.000000000000000e+01 2.834467120151955e-03

5.000000000000000e+01 8.503401360551293e-03

5.000000000000000e+01 3.968253968222263e-03

5.000000000000000e+01 1.232318324154271e-02

5.000000000000000e+01 3.968253968222263e-03

5.000000000000000e+01 4.346182917650626e-03

5.000000000000000e+01 2.834467120175717e-03

5.000000000000000e+01 3.576827556436166e-03

5.000000000000000e+01 7.437101824887844e-03

5.000000000000000e+01 6.802721088421924e-03

5.000000000000000e+01 2.281071158617885e-03

5.000000000000000e+01 2.969441744924926e-03

5.000000000000000e+01 1.247165532877275e-02

5.000000000000000e+01 5.102040816268732e-03

5.000000000000000e+01 1.133786848094097e-03

5.000000000000000e+01 2.267573696164405e-03

5.000000000000000e+01 1.700680272129250e-03

5.000000000000000e+01 5.668934240351461e-04

5.000000000000000e+01 1.700680272138893e-03

5.000000000000000e+01 1.133786848046489e-03

5.000000000000000e+01 4.535147392281242e-03

5.000000000000000e+01 1.511715797466934e-03

5.000000000000000e+01 1.201274160435232e-03

5.000000000000000e+01 3.279883381919148e-03

5.000000000000000e+01 2.429543245840382e-03

5.000000000000000e+01 8.462908973071979e-03

5.000000000000000e+01 6.235827664434404e-03

5.000000000000000e+01 7.018680488052825e-04

5.000000000000000e+01 9.623690746192737e-03

5.000000000000000e+01 1.214771622979428e-04

5.000000000000000e+01 4.643127092168721e-03

5.000000000000000e+01 1.700680272057794e-03

5.000000000000000e+01 1.700680272081612e-03

5.000000000000000e+01 1.592700572313126e-03

5.000000000000000e+01 2.267573696140601e-03

5.000000000000000e+01 4.022243818154039e-03

5.000000000000000e+01 3.482345319049214e-03

5.000000000000000e+01 2.834467120175759e-03

5.000000000000000e+01 5.668934240399217e-03

5.000000000000000e+01 2.267573696164409e-03

5.000000000000000e+01 6.802721088421944e-03

5.000000000000000e+01 1.147284310536819e-03

5.000000000000000e+01 1.700680272129250e-03

5.000000000000000e+01 2.267573696140582e-03

5.000000000000000e+01 1.700680272153062e-03

5.000000000000000e+01 2.443040708301798e-03

5.000000000000000e+01 7.477594212273194e-03

5.000000000000000e+01 2.281071158633762e-03

5.000000000000000e+01 1.700680272105418e-03

5.000000000000000e+01 6.802721088469724e-03

5.000000000000000e+01 4.535147392304973e-03

5.000000000000000e+01 3.590325018920801e-03

5.000000000000000e+01 1.090594968142058e-02

5.000000000000000e+01 3.401360544210881e-03

5.000000000000000e+01 6.748731238467232e-04

5.000000000000000e+01 7.369614512457236e-03

5.000000000000000e+01 2.267573696164354e-03

5.000000000000000e+01 4.535147392328846e-03

5.000000000000000e+01 4.535147392257447e-03

5.000000000000000e+01 4.157218442908457e-03

5.000000000000000e+01 5.668934240327807e-03

5.000000000000000e+01 7.396609437411069e-03

5.000000000000000e+01 5.722924090328875e-03

5.000000000000000e+01 4.535147392305081e-03

5.000000000000000e+01 2.726487420383394e-03

5.000000000000000e+01 4.548644854758455e-03

5.000000000000000e+01 3.968253968269862e-03

5.000000000000000e+01 6.235827664386813e-03

5.000000000000000e+01 6.127847964554796e-03

5.000000000000000e+01 2.267573696164398e-03

5.000000000000000e+01 2.834467120199529e-03

5.000000000000000e+01 2.969441744948712e-04

5.000000000000000e+01 2.267573696140563e-03

5.000000000000000e+01 1.133786848094112e-03

5.000000000000000e+01 5.668934240351463e-04

5.000000000000000e+01 3.792786956084822e-03

5.000000000000000e+01 2.861462045128655e-03

5.000000000000000e+01 5.668934240375410e-03

5.000000000000000e+01 5.088543353839159e-03

5.000000000000000e+01 2.267573696140585e-03

5.000000000000000e+01 2.267573696116759e-03

5.000000000000000e+01 1.282258935300138e-03

5.000000000000000e+01 7.342619587502867e-03

5.000000000000000e+01 2.834467120199511e-03

5.000000000000000e+01 1.700680272129250e-03

5.000000000000000e+01 5.668934240351459e-04

5.000000000000000e+01 5.668934240351459e-04

5.000000000000000e+01 5.668934240327816e-03

5.000000000000000e+01 2.834467120199538e-03

5.000000000000000e+01 2.834467120199497e-03

5.000000000000000e+01 6.235827664363002e-03

5.000000000000000e+01 4.535147392257360e-03

5.000000000000000e+01 3.968253968222216e-03

5.000000000000000e+01 2.847964582677372e-03

5.000000000000000e+01 1.120289385616812e-03

5.000000000000000e+01 5.655436777899262e-03

5.000000000000000e+01 1.133786848070305e-03

5.000000000000000e+01 3.401360544234719e-03

5.000000000000000e+01 2.834467120199535e-03

5.000000000000000e+01 5.682431702852184e-03

5.000000000000000e+01 4.535147392305064e-03

5.000000000000000e+01 1.700680272129250e-03

5.000000000000000e+01 1.700680272129236e-03

5.000000000000000e+01 3.401360544210833e-03

5.000000000000000e+01 7.005183025633641e-03

5.000000000000000e+01 2.267573696164408e-03

5.000000000000000e+01 5.088543353832316e-03

5.000000000000000e+01 2.267573696140571e-03

5.000000000000000e+01 2.726487420335271e-03

5.000000000000000e+01 3.104416369823725e-04

5.000000000000000e+01 1.073048266921248e-02

5.000000000000000e+01 1.020408163265624e-02

5.000000000000000e+01 4.494655004851630e-03

5.000000000000000e+01 4.832091566845296e-03

5.000000000000000e+01 2.267573696140583e-03

5.000000000000000e+01 1.027156894506365e-02

5.000000000000000e+01 2.267573696092954e-03

5.000000000000000e+01 1.592700572285365e-03

5.000000000000000e+01 6.235827664410459e-03

5.000000000000000e+01 3.468847856574682e-03

5.000000000000000e+01 1.870748299323061e-02

5.000000000000000e+01 4.535147392257373e-03

5.000000000000000e+01 2.780477270289767e-03

5.000000000000000e+01 4.535147392328922e-03

5.000000000000000e+01 2.834467120175760e-03

5.000000000000000e+01 5.641939315421224e-03

5.000000000000000e+01 1.700680272081614e-03

5.000000000000000e+01 1.120289385616812e-03

5.000000000000000e+01 6.559766763872378e-03

5.000000000000000e+01 2.834467120175752e-03

5.000000000000000e+01 3.414858006663253e-03

5.000000000000000e+01 5.102040816340310e-03

5.000000000000000e+01 6.802721088469641e-03

5.000000000000000e+01 1.700680272057793e-03

5.000000000000000e+01 3.914264118361790e-03

5.000000000000000e+01 3.509340244003228e-03

5.000000000000000e+01 6.235827664386826e-03

5.000000000000000e+01 3.738797106138778e-03

5.000000000000000e+01 5.803908864880691e-04

5.000000000000000e+01 3.401360544163258e-03

5.000000000000000e+01 3.171903682134798e-03

5.000000000000000e+01 3.401360544187048e-03

5.000000000000000e+01 2.267573696116773e-03

5.000000000000000e+01 4.521649929818072e-03

5.000000000000000e+01 3.968253968269785e-03

5.000000000000000e+01 5.318000215972441e-03

5.000000000000000e+01 4.427167692469622e-03

5.000000000000000e+01 2.834467120175762e-03

5.000000000000000e+01 5.547457078172223e-03

5.000000000000000e+01 3.401360544210859e-03

5.000000000000000e+01 1.133786848094110e-03

5.000000000000000e+01 2.294568621094612e-03

5.000000000000000e+01 1.700680272129237e-03

5.000000000000000e+01 3.968253968269854e-03

5.000000000000000e+01 2.834467120175685e-03

5.000000000000000e+01 5.668934240351470e-04

5.000000000000000e+01 2.267573696140583e-03

5.000000000000000e+01 1.133786848094110e-03

5.000000000000000e+01 6.721736313623982e-03

5.000000000000000e+01 3.968253968269800e-03

5.000000000000000e+01 2.267573696164409e-03

5.000000000000000e+01 3.968253968269902e-03

5.000000000000000e+01 6.802721088422095e-03

5.000000000000000e+01 2.267573696140572e-03

5.000000000000000e+01 3.401360544234686e-03

5.000000000000000e+01 0.000000000000000e+00

5.000000000000000e+01 2.834467120199494e-03

5.000000000000000e+01 2.699492495381788e-03

5.000000000000000e+01 1.700680272105443e-03

5.000000000000000e+01 1.700680272153066e-03

5.000000000000000e+01 5.102040816364045e-03

5.000000000000000e+01 7.369614512504784e-03

5.000000000000000e+01 7.153655112650122e-04

5.000000000000000e+01 3.968253968246039e-03

5.000000000000000e+01 2.267573696188192e-03

5.000000000000000e+01 3.968253968269899e-03

5.000000000000000e+01 6.924198250762985e-03

5.000000000000000e+01 1.403736097586754e-03

5.000000000000000e+01 1.525213259913593e-03

5.000000000000000e+01 9.637188208573457e-03

5.000000000000000e+01 2.551020408170076e-03

5.000000000000000e+01 3.401360544234671e-03

5.000000000000000e+01 5.048050966501417e-03

5.000000000000000e+01 3.968253968222307e-03

5.000000000000000e+01 1.700680272129249e-03

5.000000000000000e+01 5.668934240327815e-03

5.000000000000000e+01 4.508152467327312e-03

5.000000000000000e+01 2.267573696140594e-03

5.000000000000000e+01 1.133786848094096e-03

5.000000000000000e+01 3.387863081733562e-03

5.000000000000000e+01 2.834467120223354e-03

5.000000000000000e+01 1.757369614508824e-02

5.000000000000000e+01 5.668934240375452e-03

5.000000000000000e+01 9.853147608404275e-04

5.000000000000000e+01 3.954756505744357e-03

5.000000000000000e+01 6.802721088374182e-03

5.000000000000000e+01 0.000000000000000e+00

5.000000000000000e+01 5.668934240351453e-04

5.000000000000000e+01 3.509340244039474e-03

5.000000000000000e+01 2.834467120151874e-03

5.000000000000000e+01 1.078447251923953e-02

5.000000000000000e+01 1.700680272129250e-03

5.000000000000000e+01 4.535147392257461e-03

5.000000000000000e+01 1.133786848046473e-03

5.000000000000000e+01 2.834467120151953e-03

5.000000000000000e+01 5.466472303259052e-03

5.000000000000000e+01 2.267573696140600e-03

5.000000000000000e+01 1.133786848046479e-03

5.000000000000000e+01 3.401360544234674e-03

5.000000000000000e+01 6.235827664362819e-03

5.000000000000000e+01 4.683619479617699e-03

5.000000000000000e+01 2.834467120175699e-03

5.000000000000000e+01 5.102040816316289e-03

5.000000000000000e+01 2.267573696140572e-03

5.000000000000000e+01 5.102040816268675e-03

5.000000000000000e+01 2.834467120151955e-03

5.000000000000000e+01 2.618507720567308e-03

5.000000000000000e+01 1.120289385592990e-03

5.000000000000000e+01 1.700680272105425e-03

5.000000000000000e+01 1.700680272057799e-03

5.000000000000000e+01 1.579203109786514e-03

5.000000000000000e+01 1.133786848067859e-02

5.000000000000000e+01 4.980563654046885e-03

5.000000000000000e+01 2.645502645545161e-03

5.000000000000000e+01 3.968253968246044e-03

5.000000000000000e+01 3.212396069524738e-03

5.000000000000000e+01 2.834467120151945e-03

5.000000000000000e+01 4.508152467328339e-03

5.000000000000000e+01 3.009934132408367e-03

5.000000000000000e+01 2.820969657674043e-03

5.000000000000000e+01 4.643127092097380e-03

5.000000000000000e+01 2.267573696092948e-03

5.000000000000000e+01 5.668934240375367e-03

5.000000000000000e+01 8.395421660710551e-03

5.000000000000000e+01 7.369614512409551e-03

5.000000000000000e+01 3.401360544187096e-03

5.000000000000000e+01 1.754670122014048e-03

5.000000000000000e+01 4.427167692488949e-03

5.000000000000000e+01 5.102040816292492e-03

5.000000000000000e+01 7.356117049957165e-03

5.000000000000000e+01 3.401360544210935e-03

5.000000000000000e+01 2.119101608899383e-03

5.000000000000000e+01 1.133786848094110e-03

5.000000000000000e+01 3.968253968269928e-03

5.000000000000000e+01 1.619695497239960e-03

5.000000000000000e+01 3.536335168981071e-03

5.000000000000000e+01 7.369614512504960e-03

5.000000000000000e+01 4.899578879160295e-03

5.000000000000000e+01 7.369614512528497e-03

5.000000000000000e+01 2.551020408154142e-03

5.000000000000000e+01 7.369614512504724e-03

5.000000000000000e+01 1.133786848046476e-03

5.000000000000000e+01 3.792786956063281e-03

5.000000000000000e+01 2.267573696140594e-03

5.000000000000000e+01 1.133786848046474e-03

5.000000000000000e+01 4.157218442956042e-03

5.000000000000000e+01 1.133786848046475e-03
