
5.000000000000000e+01 3.117913832190489e-03

5.000000000000000e+01 1.241766547887541e-02

5.000000000000000e+01 4.062736205595066e-03

5.000000000000000e+01 1.903142209258085e-03

5.000000000000000e+01 2.159593996331840e-03

5.000000000000000e+01 2.780477270263705e-03

5.000000000000000e+01 4.589137242187585e-03

5.000000000000000e+01 2.092106683944212e-03

5.000000000000000e+01 3.684807256243766e-03

5.000000000000000e+01 2.186588921279632e-03

5.000000000000000e+01 3.104416369723973e-03

5.000000000000000e+01 2.024619371550360e-03

5.000000000000000e+01 3.185401144576415e-03

5.000000000000000e+01 3.239390994479351e-03

5.000000000000000e+01 2.793974732750078e-03

5.000000000000000e+01 4.386675305050804e-03

5.000000000000000e+01 2.375553395975966e-03

5.000000000000000e+01 4.562142317248895e-03

5.000000000000000e+01 6.505776913927706e-03

5.000000000000000e+01 4.062736205608113e-03

5.000000000000000e+01 7.207644962733518e-03

5.000000000000000e+01 2.092106683936276e-03

5.000000000000000e+01 3.387863081733605e-03

5.000000000000000e+01 2.443040708340915e-03

5.000000000000000e+01 2.159593996337508e-03

5.000000000000000e+01 1.349746247698539e-03

5.000000000000000e+01 2.483533095768266e-03

5.000000000000000e+01 3.063923982303951e-03

5.000000000000000e+01 7.774538386781155e-03

5.000000000000000e+01 4.022243818148453e-03

5.000000000000000e+01 4.670122017062146e-03

5.000000000000000e+01 2.132599071362496e-03

5.000000000000000e+01 2.996436669909537e-03

5.000000000000000e+01 4.994061116520725e-03

5.000000000000000e+01 1.064949789441033e-02

5.000000000000000e+01 4.427167692471916e-03

5.000000000000000e+01 8.219954648524612e-03

5.000000000000000e+01 5.641939315404940e-03

5.000000000000000e+01 1.043353849474585e-02

5.000000000000000e+01 2.955944282467437e-03

5.000000000000000e+01 3.468847856609849e-03

5.000000000000000e+01 3.117913832204075e-03

5.000000000000000e+01 4.413670230001406e-03

5.000000000000000e+01 4.575639779723903e-03

5.000000000000000e+01 4.724111866970163e-03

5.000000000000000e+01 3.603822481369790e-03

5.000000000000000e+01 4.508152467331716e-03

5.000000000000000e+01 5.749919015223335e-03

5.000000000000000e+01 3.171903682110433e-03

5.000000000000000e+01 2.969441744940780e-03

5.000000000000000e+01 1.093294460636699e-03

5.000000000000000e+01 7.153655112844124e-03

5.000000000000000e+01 5.344995140917439e-03

5.000000000000000e+01 6.964690638150737e-03

5.000000000000000e+01 3.185401144583774e-03

5.000000000000000e+01 2.632005183027601e-03

5.000000000000000e+01 2.537522945695022e-03

5.000000000000000e+01 3.212396069537236e-03

5.000000000000000e+01 4.845589029274957e-03

5.000000000000000e+01 2.793974732747806e-03

5.000000000000000e+01 2.186588921273399e-03

5.000000000000000e+01 2.173091458798362e-03

5.000000000000000e+01 3.995248893215370e-03

5.000000000000000e+01 3.387863081735307e-03

5.000000000000000e+01 1.052802073207644e-03

5.000000000000000e+01 4.670122017051958e-03

5.000000000000000e+01 3.171903682111565e-03

5.000000000000000e+01 3.846776805958312e-03

5.000000000000000e+01 2.429543245878343e-03

5.000000000000000e+01 5.709426627795416e-03

5.000000000000000e+01 1.606198034764351e-03

5.000000000000000e+01 4.116726055512772e-03

5.000000000000000e+01 3.252888456978765e-03

5.000000000000000e+01 7.680056149469078e-03

5.000000000000000e+01 4.022243818154119e-03

5.000000000000000e+01 5.560954540551333e-03

5.000000000000000e+01 4.359680380075782e-03

5.000000000000000e+01 5.560954540534932e-03

5.000000000000000e+01 3.657812331277838e-03

5.000000000000000e+01 2.267573696134907e-03

5.000000000000000e+01 3.077421444762553e-03

5.000000000000000e+01 1.194525429218580e-02

5.000000000000000e+01 3.941259043293154e-03

5.000000000000000e+01 3.225893532015087e-03

5.000000000000000e+01 1.282258935323393e-03

5.000000000000000e+01 3.711802181184202e-03

5.000000000000000e+01 3.981751430751657e-03

5.000000000000000e+01 3.036929057334079e-03

5.000000000000000e+01 3.509340244033222e-03

5.000000000000000e+01 4.332685455141620e-03

5.000000000000000e+01 3.900766655878261e-03

5.000000000000000e+01 4.130223517972504e-03

5.000000000000000e+01 4.778101716871487e-03

5.000000000000000e+01 2.982939207425440e-03

5.000000000000000e+01 5.533959615601240e-03

5.000000000000000e+01 3.293380844402715e-03

5.000000000000000e+01 3.846776805984951e-03

5.000000000000000e+01 1.066299535686640e-03

5.000000000000000e+01 1.147284310552692e-03

5.000000000000000e+01 3.306878306870373e-03

5.000000000000000e+01 1.552208184874436e-03

5.000000000000000e+01 3.131411294689894e-03

5.000000000000000e+01 4.197710830365220e-03

5.000000000000000e+01 3.414858006697264e-03

5.000000000000000e+01 9.421228808967527e-03

5.000000000000000e+01 5.398984990816422e-03

5.000000000000000e+01 4.656624554606353e-03

5.000000000000000e+01 2.605010258074159e-03

5.000000000000000e+01 1.376741172659375e-03

5.000000000000000e+01 6.127847964576968e-03

5.000000000000000e+01 2.618507720559934e-03

5.000000000000000e+01 2.861462045125239e-03

5.000000000000000e+01 3.306878306865849e-03

5.000000000000000e+01 5.398984990839540e-04

5.000000000000000e+01 1.178328474248834e-02

5.000000000000000e+01 1.363243710188315e-03

5.000000000000000e+01 4.265198142753399e-03

5.000000000000000e+01 3.090918907271053e-03

5.000000000000000e+01 4.089731130536059e-03

5.000000000000000e+01 1.903142209263750e-03

5.000000000000000e+01 4.346182917612656e-03

5.000000000000000e+01 6.600259151282301e-03

5.000000000000000e+01 2.928949357508885e-03

5.000000000000000e+01 6.060360652234100e-03

5.000000000000000e+01 1.004211208293551e-02

5.000000000000000e+01 6.384299751632494e-03

5.000000000000000e+01 1.997624446604268e-03

5.000000000000000e+01 3.630817406327776e-03

5.000000000000000e+01 5.830903790066721e-03

5.000000000000000e+01 2.659000107982765e-03

5.000000000000000e+01 2.861462045145072e-03

5.000000000000000e+01 5.695929165301633e-03

5.000000000000000e+01 2.820969657706949e-03

5.000000000000000e+01 4.251700680273298e-03

5.000000000000000e+01 2.955944282488981e-03

5.000000000000000e+01 3.050426519803990e-03

5.000000000000000e+01 3.846776805950374e-03

5.000000000000000e+01 5.641939315402135e-03

5.000000000000000e+01 3.900766655866911e-03

5.000000000000000e+01 5.830903790086564e-03

5.000000000000000e+01 4.899578879179628e-03

5.000000000000000e+01 4.845589029257972e-03

5.000000000000000e+01 3.414858006706326e-03

5.000000000000000e+01 5.587949465486684e-03

5.000000000000000e+01 1.997624446605970e-03

5.000000000000000e+01 5.385487528356737e-03

5.000000000000000e+01 3.779289493589947e-03

5.000000000000000e+01 2.389050858437957e-03

5.000000000000000e+01 3.522837706515639e-03

5.000000000000000e+01 4.859086491757936e-03

5.000000000000000e+01 3.603822481378286e-03

5.000000000000000e+01 1.984126984127539e-03

5.000000000000000e+01 1.160781773023184e-03

5.000000000000000e+01 4.886081416691542e-03

5.000000000000000e+01 3.158406219634839e-03

5.000000000000000e+01 5.250512903574055e-03

5.000000000000000e+01 3.158406219615570e-03

5.000000000000000e+01 8.840837922464198e-03

5.000000000000000e+01 5.479969765675149e-03

5.000000000000000e+01 1.997624446598596e-03

5.000000000000000e+01 2.362055933479393e-03

5.000000000000000e+01 1.835654896880670e-03

5.000000000000000e+01 4.224705755320392e-03

5.000000000000000e+01 6.303314976777235e-03

5.000000000000000e+01 1.484720872481159e-03

5.000000000000000e+01 4.143720980450333e-03

5.000000000000000e+01 2.402548320911858e-03

5.000000000000000e+01 4.211208292840237e-03

5.000000000000000e+01 4.953568729072955e-03

5.000000000000000e+01 1.390238635148582e-03

5.000000000000000e+01 2.429543245873251e-03

5.000000000000000e+01 1.363243710189446e-03

5.000000000000000e+01 2.969441744958909e-03

5.000000000000000e+01 1.957132059169538e-03

5.000000000000000e+01 3.684807256228466e-03

5.000000000000000e+01 2.847964582663792e-03

5.000000000000000e+01 2.254076233674624e-03

5.000000000000000e+01 4.143720980459434e-03

5.000000000000000e+01 1.457725947518622e-03

5.000000000000000e+01 2.213583846233664e-03

5.000000000000000e+01 1.768167584504394e-03

5.000000000000000e+01 2.874959507604795e-03

5.000000000000000e+01 8.273944498416164e-03

5.000000000000000e+01 1.876147284313129e-03

5.000000000000000e+01 4.535147392296521e-03

5.000000000000000e+01 5.115538278786293e-03

5.000000000000000e+01 3.252888456971395e-03

5.000000000000000e+01 5.344995140919658e-03

5.000000000000000e+01 1.390238635143473e-03

5.000000000000000e+01 4.818594104310166e-03

5.000000000000000e+01 3.266385919444152e-03

5.000000000000000e+01 3.752294568609866e-03

5.000000000000000e+01 5.952380952378900e-03

5.000000000000000e+01 1.997624446606534e-03

5.000000000000000e+01 3.806284418530370e-03

5.000000000000000e+01 3.171903682105336e-03

5.000000000000000e+01 1.876147284313130e-03

5.000000000000000e+01 1.943634596705853e-03

5.000000000000000e+01 1.714177734581029e-03

5.000000000000000e+01 2.793974732753480e-03

5.000000000000000e+01 3.252888456960614e-03

5.000000000000000e+01 4.103228593029794e-03

5.000000000000000e+01 2.240578771195054e-03

5.000000000000000e+01 3.887269193387929e-03

5.000000000000000e+01 4.062736205597324e-03

5.000000000000000e+01 5.493467228171687e-03

5.000000000000000e+01 7.005183025581992e-03

5.000000000000000e+01 3.914264118337995e-03

5.000000000000000e+01 6.478781988991746e-03

5.000000000000000e+01 5.884893640004798e-03

5.000000000000000e+01 6.465284526511046e-03

5.000000000000000e+01 2.213583846238200e-03

5.000000000000000e+01 5.021056041478722e-03

5.000000000000000e+01 6.910700788247660e-03

5.000000000000000e+01 1.714177734589529e-03

5.000000000000000e+01 2.591512795612137e-03

5.000000000000000e+01 3.644314868797155e-03

5.000000000000000e+01 2.578015333120693e-03

5.000000000000000e+01 1.282258935320560e-03

5.000000000000000e+01 3.050426519815316e-03

5.000000000000000e+01 2.375553395965767e-03

5.000000000000000e+01 3.482345319063916e-03

5.000000000000000e+01 1.498218334956175e-03

5.000000000000000e+01 3.995248893196669e-03

5.000000000000000e+01 3.576827556419154e-03

5.000000000000000e+01 2.632005183020241e-03

5.000000000000000e+01 2.470035633299486e-03

5.000000000000000e+01 7.059172875503701e-03

5.000000000000000e+01 1.039304610740551e-03

5.000000000000000e+01 1.862649821827894e-03

5.000000000000000e+01 3.117913832191609e-03

5.000000000000000e+01 2.456538170822741e-03

5.000000000000000e+01 3.779289493567274e-03

5.000000000000000e+01 2.024619371551490e-03

5.000000000000000e+01 2.685995032943041e-03

5.000000000000000e+01 5.061548428919095e-03

5.000000000000000e+01 6.100853039641592e-03

5.000000000000000e+01 2.402548320918079e-03

5.000000000000000e+01 4.521649929834550e-03

5.000000000000000e+01 4.130223517987240e-03

5.000000000000000e+01 9.218766871811963e-03

5.000000000000000e+01 6.829716013372612e-03

5.000000000000000e+01 3.914264118340249e-03

5.000000000000000e+01 5.979375877342568e-03

5.000000000000000e+01 2.281071158621846e-03

5.000000000000000e+01 2.470035633304011e-03

5.000000000000000e+01 3.657812331268774e-03

5.000000000000000e+01 3.360868156788641e-03

5.000000000000000e+01 4.602634704677369e-03

5.000000000000000e+01 3.846776805949234e-03

5.000000000000000e+01 1.025807148253051e-03

5.000000000000000e+01 1.430731022573663e-03

5.000000000000000e+01 2.524025483222247e-03

5.000000000000000e+01 3.239390994494661e-03

5.000000000000000e+01 3.252888456988387e-03

5.000000000000000e+01 5.574452003003721e-03

5.000000000000000e+01 5.398984990818748e-03

5.000000000000000e+01 3.833279343477033e-03

5.000000000000000e+01 1.862649821820523e-03

5.000000000000000e+01 1.066299535682671e-03
