
5.000000000000000e+01 5.102040816340167e-03

5.000000000000000e+01 7.369614512480908e-03

5.000000000000000e+01 3.968253968269861e-03

5.000000000000000e+01 3.927761580860622e-03

5.000000000000000e+01 1.700680272129245e-03

5.000000000000000e+01 1.700680272105434e-03

5.000000000000000e+01 2.834467120223355e-03

5.000000000000000e+01 3.968253968246046e-03

5.000000000000000e+01 6.235827664434319e-03

5.000000000000000e+01 3.401360544282310e-03

5.000000000000000e+01 2.267573696164395e-03

5.000000000000000e+01 1.133786848046481e-03

5.000000000000000e+01 0.000000000000000e+00

5.000000000000000e+01 2.267573696140580e-03

5.000000000000000e+01 2.389050858426621e-03

5.000000000000000e+01 5.682431702804571e-03

5.000000000000000e+01 4.535147392305012e-03

5.000000000000000e+01 6.289817514247877e-03

5.000000000000000e+01 3.968253968269867e-03

5.000000000000000e+01 3.401360544234699e-03

5.000000000000000e+01 3.441852931641100e-03

5.000000000000000e+01 1.133786848094106e-03

5.000000000000000e+01 5.668934240399254e-03

5.000000000000000e+01 1.484720872478319e-03

5.000000000000000e+01 1.133786848094107e-03

5.000000000000000e+01 9.988122232808792e-04

5.000000000000000e+01 2.200086383731410e-03

5.000000000000000e+01 2.888456970086064e-03

5.000000000000000e+01 6.235827664386819e-03

5.000000000000000e+01 1.303854875275994e-02

5.000000000000000e+01 3.455350394165444e-03

5.000000000000000e+01 1.133786848094104e-03

5.000000000000000e+01 1.700680272057795e-03

5.000000000000000e+01 1.078447251919234e-02

5.000000000000000e+01 5.560954540535563e-03

5.000000000000000e+01 2.834467120151922e-03

5.000000000000000e+01 5.668934240351467e-04

5.000000000000000e+01 7.936507936492324e-03

5.000000000000000e+01 6.829716013399164e-03

5.000000000000000e+01 2.267573696188206e-03

5.000000000000000e+01 4.548644854805010e-03

5.000000000000000e+01 2.820969657723375e-03

5.000000000000000e+01 2.267573696140578e-03

5.000000000000000e+01 2.834467120151941e-03

5.000000000000000e+01 1.700680272081613e-03

5.000000000000000e+01 3.374365619233058e-03

5.000000000000000e+01 6.235827664363041e-03

5.000000000000000e+01 1.700680272081612e-03

5.000000000000000e+01 4.521649929828288e-03

5.000000000000000e+01 3.968253968293647e-03

5.000000000000000e+01 2.470035633296079e-03

5.000000000000000e+01 2.834467120175739e-03

5.000000000000000e+01 4.535147392281231e-03

5.000000000000000e+01 6.235827664434351e-03

5.000000000000000e+01 1.133786848094104e-03

5.000000000000000e+01 3.981751430770945e-03

5.000000000000000e+01 2.834467120175741e-03

5.000000000000000e+01 3.401360544234700e-03

5.000000000000000e+01 9.448223734013817e-03

5.000000000000000e+01 4.076233668045758e-03

5.000000000000000e+01 2.267573696164390e-03

5.000000000000000e+01 1.349746247644698e-04

5.000000000000000e+01 4.535147392304996e-03

5.000000000000000e+01 2.591512795603094e-03

5.000000000000000e+01 9.178274484539444e-04

5.000000000000000e+01 5.668934240351584e-03

5.000000000000000e+01 2.267573696116769e-03

5.000000000000000e+01 2.834467120151922e-03

5.000000000000000e+01 2.834467120199535e-03

5.000000000000000e+01 2.834467120151922e-03

5.000000000000000e+01 2.834467120151923e-03

5.000000000000000e+01 1.700680272129245e-03

5.000000000000000e+01 1.700680272153070e-03

5.000000000000000e+01 6.235827664434373e-03

5.000000000000000e+01 3.414858006688746e-03

5.000000000000000e+01 3.968253968246047e-03

5.000000000000000e+01 1.133786848094106e-03

5.000000000000000e+01 7.936507936563645e-03

5.000000000000000e+01 3.914264118339686e-03

5.000000000000000e+01 6.802721088445712e-03

5.000000000000000e+01 6.235827664339176e-03

5.000000000000000e+01 5.061548428931564e-03

5.000000000000000e+01 4.710614404451572e-03

5.000000000000000e+01 9.637188208597379e-03

5.000000000000000e+01 2.267573696164391e-03

5.000000000000000e+01 3.401360544187091e-03

5.000000000000000e+01 2.267573696188205e-03

5.000000000000000e+01 5.668934240589588e-04

5.000000000000000e+01 1.700680272105429e-03

5.000000000000000e+01 5.102040816387788e-03

5.000000000000000e+01 4.535147392257443e-03

5.000000000000000e+01 1.133786848046478e-03

5.000000000000000e+01 1.917989417985471e-02

5.000000000000000e+01 8.503401360527340e-03

5.000000000000000e+01 3.401360544163270e-03

5.000000000000000e+01 3.401360544234698e-03

5.000000000000000e+01 2.834467120199538e-03

5.000000000000000e+01 1.133786848094104e-03

5.000000000000000e+01 2.659000107957828e-03

5.000000000000000e+01 5.668934240327794e-03

5.000000000000000e+01 4.535147392281241e-03

5.000000000000000e+01 1.133786848070291e-03

5.000000000000000e+01 4.535147392233643e-03

5.000000000000000e+01 5.668934240375472e-03

5.000000000000000e+01 2.834467120175740e-03

5.000000000000000e+01 6.789223625945208e-03

5.000000000000000e+01 5.668934240351464e-04

5.000000000000000e+01 4.535147392233636e-03

5.000000000000000e+01 2.834467120199539e-03

5.000000000000000e+01 4.535147392305062e-03

5.000000000000000e+01 5.668934240375456e-03

5.000000000000000e+01 2.834467120199535e-03

5.000000000000000e+01 5.668934240113415e-04

5.000000000000000e+01 1.133786848094108e-03

5.000000000000000e+01 2.348558471025913e-03

5.000000000000000e+01 1.862649821812585e-03

5.000000000000000e+01 7.923010474038794e-03

5.000000000000000e+01 3.401360544306100e-03

5.000000000000000e+01 3.401360544187091e-03

5.000000000000000e+01 7.410106899937811e-03

5.000000000000000e+01 1.700680272129247e-03

5.000000000000000e+01 2.834467120175737e-03

5.000000000000000e+01 7.086167800415723e-03

5.000000000000000e+01 5.102040816364038e-03

5.000000000000000e+01 1.700680272081612e-03

5.000000000000000e+01 4.791599179321003e-03

5.000000000000000e+01 5.668934240589577e-04

5.000000000000000e+01 2.267573696188208e-03

5.000000000000000e+01 7.369614512433313e-03

5.000000000000000e+01 1.700680272129250e-03

5.000000000000000e+01 2.834467120175740e-03

5.000000000000000e+01 1.700680272105429e-03

5.000000000000000e+01 2.834467120247154e-03

5.000000000000000e+01 4.535147392328833e-03

5.000000000000000e+01 9.191771946925990e-03

5.000000000000000e+01 5.668934240327769e-03

5.000000000000000e+01 1.862649821832993e-03

5.000000000000000e+01 6.343807364250475e-03

5.000000000000000e+01 3.320375769369218e-03

5.000000000000000e+01 3.711802181206299e-03

5.000000000000000e+01 5.668934240327795e-03

5.000000000000000e+01 7.072670337993930e-03

5.000000000000000e+01 5.102040816316414e-03

5.000000000000000e+01 6.802721088421900e-03

5.000000000000000e+01 2.024619371530506e-03

5.000000000000000e+01 1.039304610711068e-03

5.000000000000000e+01 3.401360544187089e-03

5.000000000000000e+01 3.360868156801670e-03

5.000000000000000e+01 4.535147392305050e-03

5.000000000000000e+01 2.834467120199538e-03

5.000000000000000e+01 5.871396177522354e-03

5.000000000000000e+01 3.792786956020786e-03

5.000000000000000e+01 1.700680272105434e-03

5.000000000000000e+01 1.133786848094104e-03

5.000000000000000e+01 2.267573696140579e-03

5.000000000000000e+01 5.668934240375415e-03

5.000000000000000e+01 3.401360544234704e-03

5.000000000000000e+01 6.802721088398168e-03

5.000000000000000e+01 4.535147392328827e-03

5.000000000000000e+01 1.349746247701381e-04

5.000000000000000e+01 1.700680272081609e-03

5.000000000000000e+01 1.133786848094104e-03

5.000000000000000e+01 1.700680272129252e-03

5.000000000000000e+01 4.346182917642713e-03

5.000000000000000e+01 3.765792031099054e-03

5.000000000000000e+01 2.267573696092955e-03

5.000000000000000e+01 2.834467120199536e-03

5.000000000000000e+01 6.235827664410607e-03

5.000000000000000e+01 6.802721088445752e-03

5.000000000000000e+01 4.535147392281245e-03

5.000000000000000e+01 5.668934240375371e-03

5.000000000000000e+01 5.102040816364077e-03

5.000000000000000e+01 6.802721088421953e-03

5.000000000000000e+01 3.968253968222257e-03

5.000000000000000e+01 2.834467120175740e-03

5.000000000000000e+01 3.387863081757966e-03

5.000000000000000e+01 2.254076233663280e-03

5.000000000000000e+01 7.356117049956591e-03

5.000000000000000e+01 1.700680272129249e-03

5.000000000000000e+01 2.267573696140578e-03

5.000000000000000e+01 5.088543353839712e-03

5.000000000000000e+01 6.654249001181818e-03

5.000000000000000e+01 2.928949357494136e-03

5.000000000000000e+01 4.535147392281245e-03

5.000000000000000e+01 3.968253968269863e-03

5.000000000000000e+01 5.115538278817499e-03

5.000000000000000e+01 4.535147392233618e-03

5.000000000000000e+01 5.655436777898669e-03

5.000000000000000e+01 1.795162509488474e-03

5.000000000000000e+01 5.668934240327781e-03

5.000000000000000e+01 5.115538278769320e-03

5.000000000000000e+01 4.535147392233633e-03

5.000000000000000e+01 4.521649929756903e-03

5.000000000000000e+01 1.012309685800697e-03

5.000000000000000e+01 5.655436777873731e-03

5.000000000000000e+01 1.133786848070293e-03

5.000000000000000e+01 3.293380844442404e-03

5.000000000000000e+01 2.834467120199540e-03

5.000000000000000e+01 4.535147392281237e-03

5.000000000000000e+01 4.535147392305054e-03

5.000000000000000e+01 5.668934240375326e-03

5.000000000000000e+01 3.968253968246046e-03

5.000000000000000e+01 3.833279343433965e-03

5.000000000000000e+01 3.576827556388560e-03

5.000000000000000e+01 4.535147392281222e-03

5.000000000000000e+01 6.802721088469519e-03

5.000000000000000e+01 8.530396285457558e-03

5.000000000000000e+01 1.174279235501617e-03

5.000000000000000e+01 4.211208292818713e-03

5.000000000000000e+01 4.535147392257461e-03

5.000000000000000e+01 6.235827664386875e-03

5.000000000000000e+01 7.153655113063932e-04

5.000000000000000e+01 4.535147392281236e-03

5.000000000000000e+01 6.154842889548517e-03

5.000000000000000e+01 4.670122017098970e-03

5.000000000000000e+01 4.535147392352604e-03

5.000000000000000e+01 2.901954432561094e-03

5.000000000000000e+01 1.700680272105432e-03

5.000000000000000e+01 1.133786848070297e-03

5.000000000000000e+01 6.235827664410405e-03

5.000000000000000e+01 2.834467120175742e-03

5.000000000000000e+01 2.267573696116760e-03

5.000000000000000e+01 1.822157434398836e-03

5.000000000000000e+01 1.133786848094098e-03

5.000000000000000e+01 5.641939315398137e-03

5.000000000000000e+01 2.267573696140576e-03

5.000000000000000e+01 1.133786848070299e-03

5.000000000000000e+01 4.575639779735828e-03

5.000000000000000e+01 2.267573696164397e-03

5.000000000000000e+01 4.967066191546265e-03

5.000000000000000e+01 3.401360544187089e-03

5.000000000000000e+01 4.508152467327189e-03

5.000000000000000e+01 3.968253968269862e-03

5.000000000000000e+01 5.385487528334053e-03

5.000000000000000e+01 8.638375985271834e-04

5.000000000000000e+01 4.737609329460534e-03

5.000000000000000e+01 1.133786848070298e-03

5.000000000000000e+01 2.267573696164390e-03

5.000000000000000e+01 3.401360544258490e-03

5.000000000000000e+01 5.668934240423029e-03

5.000000000000000e+01 0.000000000000000e+00

5.000000000000000e+01 2.834467120151925e-03

5.000000000000000e+01 1.077097505669116e-02

5.000000000000000e+01 5.668934240589561e-04

5.000000000000000e+01 1.700680272129247e-03

5.000000000000000e+01 3.387863081710358e-03

5.000000000000000e+01 3.401360544210882e-03

5.000000000000000e+01 4.211208292784723e-03

5.000000000000000e+01 1.700680272081610e-03

5.000000000000000e+01 6.802721088398135e-03

5.000000000000000e+01 1.376741172646891e-03

5.000000000000000e+01 4.967066191571164e-03

5.000000000000000e+01 5.277507828534394e-03

5.000000000000000e+01 2.267573696092949e-03

5.000000000000000e+01 5.641939315421404e-03

5.000000000000000e+01 2.834467120175719e-03

5.000000000000000e+01 5.102040816292671e-03

5.000000000000000e+01 7.936507936468461e-03

5.000000000000000e+01 2.024619371554327e-03

5.000000000000000e+01 4.184213367877102e-04
